5000 0 2400
3468 42
1501 1335
725 4170
4359 1479
4465 1963
3146 706
1828 3282
492 4962
1943 2996
437 4828
4605 2392
154 3903
2383 293
3717 2422
4896 4719
1727 448
1539 4772
4913 1870
1300 668
4895 2036
3812 3704
334 1323
4665 2674
2712 142
1869 3254
2645 548
2758 2663
2860 38
4742 3724
779 2530
3036 2317
1843 2191
107 289
3943 4041
2649 4265
3806 2447
1730 891
351 4371
1102 7
3549 4394
2624 4630
4955 4085
1841 3757
2377 4967
1309 3932
2440 1945
1324 4627
1539 538
2083 1119
1542 2930
1116 4834
4659 4640
4931 2705
2307 3978
2387 1674
3746 22
4073 1925
830 1271
574 1778
1513 98
3291 3987
3637 4162
4768 2356
575 3656
2053 4032
1151 2351
1725 1942
3431 3967
192 1108
1338 3008
2288 458
384 2754
3910 4946
4759 2210
3589 4222
4947 1423
3031 2507
4169 1414
2592 901
1656 3763
1360 2411
538 2625
1484 1549
4042 2596
4351 3603
837 292
1021 4375
4022 4597
3200 2349
4485 4669
4735 3282
2000 54
2939 1419
3789 1901
468 3128
4894 3729
2484 4649
2422 2808
1618 4311
4515 2814
2617 4310
2452 3936
250 601
1557 1520
304 2799
1009 1225
2610 845
2703 4990
486 3196
4344 3094
1588 524
4504 4315
201 2449
1619 3459
4797 581
282 4799
799 4590
2158 3010
3623 473
2293 3539
4180 1039
4658 3191
1192 2959
2889 4816
1512 4157
2635 1203
56 4273
2647 329
4887 1363
3434 3876
143 4870
1417 3845
1999 1882
3652 323
700 22
3477 3558
4390 2893
713 76
2511 2601
1870 1004
4689 2862
4790 3402
1424 256
586 3
286 4183
1427 2089
3758 3618
933 4833
2155 4170
2190 722
1330 4977
3693 2369
556 1426
1550 3435
4513 2442
3061 146
3754 1719
2424 1140
997 1280
2530 1688
2438 2550
2950 4867
3196 194
417 3298
1106 3287
1283 4489
735 2456
1702 3115
672 1317
2264 787
4356 4314
54 1186
809 913
946 1833
2757 4314
4559 3322
2983 3647
4145 482
223 3197
2162 2130
451 536
467 1174
1660 2045
1440 1293
25 2254
4511 1155
650 4746
3314 3187
3023 4475
4019 2169
4906 3788
2392 2959
3626 203
4415 1478
825 4315
875 4335
160 4373
3071 1834
3298 2488
3178 2519
2271 2774
2669 1764
3986 2193
3481 3103
2628 4214
4100 4803
2626 528
1925 1544
4973 1024
4182 3062
2433 1004
2594 2506
3032 2726
143 3493
1287 2223
2901 3065
3361 4188
975 2414
4171 4271
834 236
761 4712
4668 3897
2551 2286
3695 141
1625 2696
2126 3020
1695 1577
1303 2659
2467 2372
2594 4679
485 3852
3465 1019
3153 1120
3088 2801
1927 1061
4758 4011
316 2171
228 4577
2759 2044
110 2165
2087 2883
3488 4566
4475 4578
628 2626
1929 630
3521 424
4963 1903
4597 124
3262 3738
2526 196
3261 1265
3117 1203
327 31
772 4012
548 1412
1521 1154
4925 4791
1764 189
852 4941
3830 3663
2714 901
2579 3959
3008 3366
1201 1478
1440 1059
2761 2304
2325 4358
109 1478
4888 1114
2851 4802
2429 4461
2385 2994
1541 4406
3705 1112
2357 2836
4351 1073
4486 3824
3217 557
4358 1627
3358 3527
3272 4338
4362 3870
3023 2897
113 4618
3697 2718
4042 1586
4130 4424
4566 4230
3933 1560
4856 2297
1963 2054
4735 3585
1973 1655
4370 1458
2964 2533
2484 2608
1636 912
2849 68
2939 4676
2143 2224
1512 3755
176 2742
2826 1460
2871 3222
1935 1627
1784 206
2399 3851
2702 2280
2735 2194
1535 1638
1994 557
706 177
549 1963
301 882
1642 4414
4856 4856
1463 3143
878 2612
2679 425
3444 1753
2674 3297
4314 41
73 876
611 2819
4933 1018
696 3113
3832 3170
1489 41
4091 3686
2590 4498
146 991
4315 4354
1741 3652
1259 2045
3760 336
2606 1193
2182 265
3830 3504
609 3776
998 4293
4557 2550
1628 562
4542 1468
1241 1130
4175 2814
1078 602
3684 216
3993 3214
602 825
760 3393
1429 2671
4085 3028
3787 76
4971 499
3848 1288
504 2605
2664 1222
2364 707
2172 4011
3241 2490
543 2165
914 2620
1705 2592
4233 1819
206 751
1540 4976
1423 304
1248 1099
3649 3585
2865 2972
1076 2914
3713 1546
3679 2547
263 1770
3986 3520
945 3290
3541 2866
509 3246
2871 3319
3324 4602
4473 1133
88 2153
4764 3571
2104 4902
3528 4424
1970 1601
566 4016
1544 29
2089 348
2638 2944
1464 2410
4682 50
1343 1589
2061 609
1759 1222
889 4955
691 4147
2844 2950
621 1431
2068 749
784 4537
2227 3036
2039 186
630 4854
749 1225
3360 4924
4767 2258
4956 4945
2727 3319
1026 412
1002 356
4497 2550
4516 3585
3343 2965
2914 3076
1197 1143
73 1949
4607 427
4430 1174
1706 2405
4813 627
94 4376
1037 1566
4142 4737
995 815
1653 3257
839 3937
1356 483
1132 1016
2842 3231
2012 4626
4187 2638
1651 4691
1635 663
354 894
3453 1417
2263 4009
455 2234
1635 1304
4257 1304
1125 149
4214 2318
4029 2110
1081 4201
1859 1319
4156 4051
265 1362
3677 1904
1910 4644
3562 4903
4949 3490
3654 1283
2221 675
1924 403
4370 3832
260 3879
2620 4009
4 3972
4782 1946
2393 1505
314 2686
590 1699
939 2723
1411 4038
1235 1462
4962 2509
1494 3960
270 1516
3870 4938
4701 59
1265 3972
1216 118
2816 4556
3040 3331
4289 213
1955 3083
711 1086
4775 4485
4816 3381
1542 952
1680 3116
899 2111
789 3074
3133 3978
3690 4957
9 1114
791 2942
1364 1724
185 29
2201 4779
1886 72
1072 1975
2868 1334
4296 1154
826 2169
630 4677
2599 3651
4694 3310
81 4687
2250 117
1529 1668
2865 1680
3406 4422
1817 3827
2727 2517
4088 3667
4965 2682
687 1341
1663 1022
1065 4722
416 4310
4874 2903
3942 2125
1763 2746
2532 3424
2269 4807
603 4319
4308 1908
1013 3482
1631 1137
1810 4115
3557 4085
1294 2291
4153 4997
346 1055
249 4709
3713 2492
115 132
2959 1440
4705 4723
1053 1996
2480 270
1424 3239
867 2919
2499 2660
1197 3487
1634 2463
2023 2159
3393 1147
3926 3038
4459 648
808 1603
2831 4099
4601 4293
800 2279
449 3353
541 3883
4576 3316
4568 3763
3398 2337
4898 1419
3852 829
4231 1817
1926 4450
230 659
941 4521
148 4561
1656 163
793 676
1755 2362
3147 1399
1947 3715
4570 1189
2664 3639
4516 76
476 1522
529 616
2571 3235
4465 906
3963 4558
525 4162
2470 2550
1924 331
4334 3351
911 2926
1337 4738
1279 3338
2637 2394
3165 715
4950 1592
2506 4136
5 3338
2624 1338
4971 3665
569 609
2086 4282
3374 4153
3195 3653
3827 4877
2573 3397
4641 1250
3820 4175
2612 944
290 1942
566 3420
2586 3806
1451 1217
2610 1616
4167 1065
1075 1894
301 3510
4574 4696
3162 590
2969 1173
1032 2359
4427 1269
423 3511
3780 775
3553 911
392 4183
765 496
1365 875
3256 4903
475 4461
1822 1973
548 1123
4790 1578
196 606
2951 2595
755 1344
1013 2482
3440 1673
913 3429
968 4763
4416 4409
2224 1909
1435 1760
4487 205
959 4320
1807 946
3701 3167
2693 1368
3533 1788
975 557
22 3448
1223 3284
2377 4332
1949 3584
2983 2724
4777 2019
1112 4221
3857 2183
3926 4491
1487 4325
970 4678
2535 1644
2669 678
1992 1069
2784 2197
2728 1829
872 4427
2613 698
1028 3704
546 1409
2186 4509
4238 239
1314 1444
3851 2502
2112 129
3150 3651
1455 1193
682 870
268 2466
4794 2714
473 3635
2831 973
3443 4902
3878 178
703 771
1382 4365
3824 1591
3024 2238
1596 2180
2328 170
1311 2043
1059 3183
4488 2927
2529 1671
2259 652
4861 2214
1287 784
3611 2743
2129 4473
842 3435
3504 719
4866 4868
1882 939
2751 4258
3599 3615
2662 3459
2757 1064
279 808
4436 4490
2076 1366
1387 2587
3361 2834
1049 3331
4493 3929
3841 2434
1736 1767
1600 4811
1893 1838
2329 1983
1370 4353
1795 1245
4253 1609
2433 1648
2209 4536
3498 3265
2650 3244
1842 2016
1101 190
649 4813
4852 4524
3634 4475
2201 4892
4991 4855
4920 698
2579 2781
2545 2932
3488 3341
2526 900
539 3484
1194 2493
12 3253
835 1561
1498 1841
3530 2786
3806 1541
3393 3792
3550 3211
1980 1579
4278 972
194 74
1498 1621
1277 3827
1583 4791
1160 3579
1490 419
3450 160
4073 2925
2009 381
209 2968
3504 1478
2608 371
2075 4197
2612 3723
3762 4020
2891 1057
1684 1164
4933 3717
2742 453
1814 4955
397 2863
616 461
2600 905
4681 137
2033 4199
2585 4388
3518 2241
3671 2007
3883 242
3524 250
2106 1759
2096 4622
4917 2297
179 679
59 3580
2751 2578
3730 4008
2996 4082
4677 2679
900 2754
566 1785
3609 3094
1244 1173
2515 4930
56 169
974 1192
1749 3923
987 652
1447 2145
1518 1578
4917 4630
792 875
2913 470
694 3147
4816 4092
1858 1950
1053 641
3552 237
1227 4488
1956 3163
3395 3184
1098 181
2066 3066
4262 2514
1079 2579
4141 1879
1948 4612
171 2446
3490 4976
1150 4751
3866 3334
2283 2215
2433 2008
1368 3897
4883 3523
2642 1811
2188 2232
1480 1706
1539 1322
4448 1352
4647 4209
760 2277
423 190
3487 2667
2029 3456
4861 4615
1778 4254
2504 1349
2432 862
2456 4083
2107 4198
822 3753
1282 2297
4456 1022
2125 948
4136 3319
1775 1377
4999 4860
4254 2075
636 1923
3889 1644
3233 3154
3681 4748
679 4927
4802 1451
4200 4962
1364 856
574 717
3246 1562
3275 1474
4354 1551
4288 1182
3111 2700
2466 3644
2530 2173
2113 4982
4382 3477
1891 3248
3806 1672
33 2373
4321 3990
432 3166
1294 4659
1579 2207
2207 1949
3167 2172
1698 3397
3695 1021
4789 530
2985 110
3979 1970
4016 1618
3685 1627
2907 4169
2098 929
4391 3119
1786 200
4200 4487
711 2421
814 3272
1086 2416
3581 319
2268 1332
3445 3388
4508 3187
2828 4361
1432 3075
272 2153
4694 269
338 4886
2605 1312
407 2678
4023 2769
1 4414
2538 543
1389 39
3290 2356
3182 1648
1585 3094
762 988
3218 494
2483 4502
666 4448
2105 754
4096 85
222 3526
1782 3965
3107 4873
3344 3657
2081 2594
4869 1081
3714 1412
3252 969
2080 2217
2041 3769
2934 1532
664 3780
1654 2260
2096 2937
1875 4366
1836 2721
3977 681
726 3456
4809 4072
4157 3560
2833 603
441 2906
1563 2376
1963 2886
1837 1081
1203 798
81 509
2077 341
1494 4059
3547 2741
4774 475
3881 4098
1073 3336
708 3401
667 2956
3589 4142
2169 2482
4397 3316
1010 1226
3137 2013
3763 1456
743 44
2923 22
4249 4513
2369 1019
4715 3718
3291 2651
2760 3336
1896 3170
2641 304
4200 1980
4792 4106
3682 3662
3754 3653
2030 4034
2043 988
84 1254
815 1421
2245 2719
2230 1064
3865 653
471 4770
1048 6
1488 1595
3277 4327
1541 1324
3991 2680
4711 2589
2946 4272
3471 4222
3590 184
4979 3956
7 4780
136 3263
2197 3488
2089 4034
4780 2936
4791 994
3966 4963
4106 1002
4568 1808
3135 2670
1458 2672
3546 2999
4219 3598
4845 3839
3564 2373
4265 1029
4724 3802
2605 3491
4228 1602
3693 1198
364 4772
2364 4302
3566 2722
3446 2422
496 3611
23 1742
4152 1813
3056 3016
3739 3394
4883 280
2655 1609
2708 3823
1339 4246
2291 145
3155 1340
4624 4605
79 2226
1982 1725
4734 2331
595 3224
3847 4131
4446 4988
3617 3806
490 751
1964 2339
4698 3136
1631 2210
1909 3225
4475 1738
2373 1921
3856 294
4562 1735
2607 1057
2076 3185
4120 3383
433 1742
2780 4685
3284 2280
837 668
4119 4126
3029 2738
578 2120
4092 738
2796 557
1902 1061
3433 3794
4581 2137
908 4876
3075 1185
1791 3720
42 477
3330 3352
2975 1291
3592 3073
788 2190
3240 1491
3054 4894
682 2064
2006 904
3480 4177
1140 1696
3999 2469
3640 1084
2622 4516
827 4994
3839 723
2582 4829
3979 4400
1024 1892
4835 1944
2350 4244
3708 2703
142 503
3347 688
4638 892
1401 3414
1691 2817
3936 3163
4411 4127
1383 4878
2190 1261
3875 1706
723 2664
2567 2196
1039 1361
2812 3589
4468 3246
1868 2426
543 3190
1548 3064
4618 503
24 4100
1204 2227
1052 49
3637 1571
968 4459
4406 3457
4963 1532
2976 1820
2532 557
3045 1496
1804 592
3916 3389
2320 2451
792 1273
134 4384
4643 1776
3301 3570
2079 2955
2258 3586
894 334
104 491
2234 4751
4272 723
3991 4612
1642 339
4048 3259
4659 2353
303 480
3991 2684
569 3
1896 4423
3009 1136
1743 2362
3700 2195
179 3189
1358 4043
1848 3942
1346 2470
1914 4381
711 4965
386 62
2505 74
2704 4463
1070 3103
3530 155
2075 1553
3731 4150
845 2245
4119 3050
1364 4066
3774 4553
4732 3471
2512 1748
4399 870
2104 499
680 2353
3044 3054
1089 4523
835 1564
2023 4851
1912 2241
652 4493
478 3581
4877 2617
221 4179
2349 4616
2180 1799
1858 1636
1663 2884
3263 3903
4771 4421
4274 4023
2687 842
3918 3889
1893 1718
1268 3699
66 1750
1933 390
1082 620
4131 2004
3632 3029
3153 4590
4173 3631
1408 4865
429 2296
3491 4682
1178 1611
237 1072
644 1460
2634 1841
3894 2038
275 2631
3783 2994
2462 2204
4663 3291
998 2308
3424 1152
1718 3891
3704 1641
4884 567
2660 3662
387 3246
2766 2652
1841 4602
1498 2210
4251 2284
3422 3059
582 176
3272 1788
3000 4288
4980 2505
701 2139
2462 531
206 2119
3829 2541
1623 4460
3761 4399
2936 2099
615 482
3494 4568
4162 3597
539 2747
539 2671
1556 1477
1372 4918
753 1761
434 3759
4066 2256
2402 727
2760 3035
549 394
3793 2274
2934 1194
2104 138
3212 3691
4669 3695
2499 2628
249 990
1648 3880
932 1150
876 670
450 599
4600 437
1444 124
3155 1732
4435 2862
3968 4386
1394 817
4867 1705
309 954
3685 3224
2668 793
2470 49
812 3931
1091 4815
3744 428
600 1605
2196 1475
159 507
4859 2590
2890 2810
41 1448
4365 3819
27 2976
2504 90
1413 67
2571 1841
396 4677
4987 3642
1110 2652
84 3188
3391 1086
3687 1251
1382 4756
503 3129
863 4278
3566 1425
833 3873
4429 886
890 1647
884 1479
1266 4926
46 1261
822 779
2521 3856
4774 2928
2252 135
3337 2676
1002 1335
4311 2738
2591 975
1072 357
936 2081
2283 2146
3719 1826
4713 3574
4999 3038
2163 4906
3693 1718
3048 4540
4104 947
4116 232
859 840
2646 830
2200 3395
4273 4646
1863 676
3774 2073
1239 2481
3543 1898
4204 4609
1126 3278
1402 135
3383 4079
737 170
2940 2479
3722 1139
664 1427
1576 1678
982 1725
2962 2701
1003 3863
96 3449
4017 685
4508 138
1285 3994
260 2945
2059 822
2669 4644
120 678
3042 4858
265 3892
1916 1624
2930 3073
4716 842
2537 2616
2760 4958
3453 701
4242 94
2449 1830
1799 228
325 1225
3134 2275
39 2886
1863 2171
85 2630
4879 1910
2086 1924
3025 4401
3106 4194
766 4413
408 768
3785 678
4791 705
892 4835
3086 622
191 2735
2999 543
2019 2087
425 622
1377 2598
4670 4255
2928 3109
1069 2494
4103 1367
2601 2439
4319 820
4985 2291
2557 1340
4633 809
1815 1479
2240 3788
21 3075
2555 828
2442 1989
3643 1799
1322 4003
3947 105
3510 2057
2709 4834
1534 4762
4805 687
143 1386
2261 3843
1621 2162
4579 4344
114 1188
4592 3064
416 935
4762 657
3412 13
1252 1960
3371 3739
508 1125
2585 3008
3102 952
4959 4490
1791 442
413 2014
1061 4856
3473 2094
2677 403
2374 3544
2652 1267
1529 276
762 533
2504 470
2108 2730
2452 2893
3393 2954
3520 2571
3408 4473
4506 2495
384 3441
1410 4263
3039 3608
472 4361
655 1172
1515 4948
1230 4524
1767 490
4757 2888
2471 1633
667 740
2284 3523
2554 3161
2092 4706
387 1260
4630 1688
3318 43
2357 2046
453 3389
467 3155
2761 1834
632 1920
1268 1739
1099 777
1321 4315
4008 3054
4217 1470
4843 4723
464 4008
948 1261
3631 3794
3044 3718
315 1377
2118 1627
621 1335
1793 4172
4155 3965
4694 3867
3776 665
2213 3001
2552 1101
1380 477
2878 944
362 3790
3273 1386
145 1435
564 4562
2947 4505
309 3889
1431 2158
1465 124
4347 4075
1982 3838
1612 319
2592 1293
2124 3833
1992 1462
2331 1462
2370 3499
3401 2292
4118 4180
4915 2318
1442 1596
1868 937
1454 2029
3974 2910
1504 2982
1817 1570
368 1884
3403 386
2158 231
568 3682
1867 3311
3172 3688
1246 3478
1239 2765
2048 2672
4593 1116
2658 2312
54 1406
581 2172
2531 2741
4321 3676
3378 791
1587 999
4490 1605
4745 4632
1611 3389
1920 3719
928 3260
3120 4610
2717 1480
1397 1301
1459 1854
4594 831
4850 807
4273 4855
2295 1161
1334 2055
4230 147
429 472
2242 560
2689 4422
2034 1367
2271 1686
2262 330
2209 2861
2163 3983
1879 2507
1898 1980
1539 2888
784 4470
2796 2541
3634 2267
4558 3510
1135 2318
3136 2054
2594 2259
1694 2844
2952 1467
1095 3141
175 2938
1098 2513
2696 4552
3493 1818
238 1293
614 2531
1711 297
629 2390
3787 810
3841 1745
3570 3183
2394 1121
4963 1293
2528 4215
3195 1808
4714 3706
3914 2012
4665 1694
3996 1204
4382 2763
4910 1947
1769 1049
2512 1625
4236 2955
4634 1128
1863 3241
2578 128
2341 3818
101 143
1559 3401
3155 1477
1431 936
1296 832
624 3538
2928 2923
212 3030
1755 1212
2254 1881
1322 3294
1529 786
1001 444
4672 556
2453 4271
4632 4376
3935 3641
2987 3041
4249 3835
3766 1540
313 2797
53 2263
3988 732
2558 4465
4557 4249
451 171
2302 2183
4100 3294
4045 3333
76 2332
4051 1005
4067 27
4802 1739
3844 4624
3381 442
2919 4696
1364 3660
1330 2629
3855 1089
4980 3614
667 3570
2578 2680
3403 2838
3293 3116
2873 1724
324 4449
949 1154
198 4396
2909 4509
3994 2412
1782 2666
2611 3203
2257 4829
3966 2706
770 3024
254 1716
3685 1806
2146 4479
834 1841
1901 4286
3995 969
3886 1634
3282 349
1257 3033
873 4911
3902 3983
636 2307
2472 2861
2138 4528
4769 3344
3996 3234
2604 4172
3012 3943
1035 2880
4594 4513
4162 531
259 3235
907 1927
4444 192
228 1189
1485 2720
4094 225
3225 436
3583 3095
3628 3868
1147 2006
1590 2687
3238 541
3760 2851
3957 4579
2404 2678
1301 3043
226 812
1596 1144
1616 1017
1007 3805
1642 3369
699 336
3314 1326
2313 3024
3458 4619
3340 3397
2095 1087
2044 2847
2912 1523
3456 1281
1848 1359
991 3871
4328 3874
3455 3414
2473 1897
2242 4451
647 4642
3214 3526
2930 1825
404 3696
2994 2595
2188 1068
80 4641
3126 42
4861 2535
4908 3001
2693 2622
118 294
404 2718
2894 3944
4012 640
4029 1926
749 4979
2893 2851
655 1445
4354 3624
1548 2037
827 1347
3905 1062
2572 239
1406 1887
2057 300
1268 1729
2020 3752
3167 4992
847 718
3188 2094
2913 1422
3300 1868
4898 2445
3329 1202
2105 4943
4769 1769
1297 1642
721 1263
2919 1245
1220 4626
3175 2585
460 985
2015 3150
2504 696
3852 33
1815 1538
4652 3364
4291 1220
1684 918
1585 1919
3587 2253
1249 1270
2398 2138
3169 425
3149 28
383 1994
2670 4272
878 894
4105 1015
2944 485
1812 1496
3893 1294
1991 1799
4891 1300
4075 3494
3775 1550
174 4315
4219 4070
1834 1866
4912 239
1464 3253
150 1509
2246 3089
1921 1232
4272 107
1422 2369
4158 259
4983 4648
4123 3239
907 2724
190 3707
346 1157
1924 2352
1551 2119
1837 2098
3407 592
814 4511
881 4652
4744 2845
1246 2742
4950 4579
4515 1706
4228 4786
2205 3625
3918 3357
556 1228
4287 103
1699 4469
1412 3980
759 2490
776 3491
2133 3411
2297 2090
3113 1951
2530 123
837 2673
554 3278
671 3977
2653 4086
398 1752
4002 4752
1694 436
2917 73
329 1717
2126 1512
2297 1839
1545 3940
2827 1057
1759 2903
2022 4589
4109 2587
2629 4778
1948 1980
1281 2550
129 3246
427 4063
678 4720
4048 4092
3232 3786
3685 2407
1770 1955
2957 4710
946 2422
1017 3466
1498 1861
191 3336
3050 678
2887 1006
3676 3389
2378 3144
3488 131
2483 1556
1 254
290 2755
216 2489
1311 2009
2800 941
4708 2998
305 3455
486 3238
793 2500
2613 4614
2984 3683
1130 352
34 2138
1865 1601
1858 3684
1711 3969
1709 1969
2733 2642
1685 2438
2702 2500
3584 4870
4693 4257
2088 2641
3811 13
4836 821
616 1664
3678 898
135 2775
4534 2554
2287 3879
2735 625
350 3076
1985 713
2793 625
3823 1505
3914 4056
4474 463
4161 85
1054 1123
1823 4398
1338 4751
4007 3918
2198 4932
4237 2506
1600 358
1899 3291
1448 986
593 1085
3997 3726
4829 4856
2343 339
4796 4429
38 743
1768 507
4794 54
4147 3506
3925 3610
4466 4855
1207 2240
493 4210
3176 1500
3062 1037
619 3648
1728 14
2897 713
2842 1910
4091 131
2916 4035
3524 1287
1345 667
2038 2737
894 417
972 1950
2778 845
1201 4286
286 4591
2119 3326
7 669
4009 4730
226 4542
1981 537
471 717
3748 385
2937 329
701 1205
1365 2524
1041 1412
1505 251
1767 3484
2671 1142
507 846
3257 4089
3267 108
2679 858
2675 4200
192 4156
4833 3991
997 859
3291 3918
1708 3968
3247 3235
4403 1463
3427 3240
907 4096
351 3315
280 4587
823 2777
2302 1880
677 813
2358 3165
1039 2571
145 4313
3181 1562
644 3201
3062 1857
940 2648
4291 4809
980 2453
1420 2619
2285 4008
4978 4548
3614 676
3372 3710
1340 3643
2622 1337
1035 1502
1359 3130
3470 1437
3505 2898
4203 4799
1239 3106
66 33
4482 2517
4024 580
1772 1728
383 1314
4817 1141
320 3489
514 590
852 3260
3284 2272
2039 4365
3185 3013
3502 1760
3734 4575
2715 60
1596 2650
4542 3523
378 417
566 1053
139 4892
968 3311
3788 56
3223 2225
2442 1440
1805 1649
4369 2835
3873 1442
4975 2669
138 4177
3242 634
3019 746
2975 1016
847 4253
525 3957
582 1967
2241 3145
297 4335
28 1877
2019 1206
1642 4292
1192 3466
1260 2472
218 3701
1944 2017
2065 4625
1158 1506
2667 1503
2047 4276
4790 2633
2146 1047
3153 1004
3327 1902
1185 4154
351 4650
4347 406
3971 1026
4796 4337
1324 4794
3857 533
3211 897
693 2777
291 4551
3853 3796
3316 2351
4362 37
4985 3761
2535 3730
3083 1051
1937 1807
791 585
4183 1618
3117 4067
4426 1389
611 3102
4983 1451
194 3622
1755 2039
4896 4594
639 281
2421 168
1884 4346
4697 3866
391 834
190 2633
184 2840
2130 3818
680 1754
601 3614
146 3253
2152 4862
3964 3319
4908 2814
1477 4555
1212 618
2265 430
4532 967
699 4943
1156 4523
258 2588
4465 3159
3511 3763
1066 947
3166 3381
3541 947
3043 2298
3195 4465
271 2585
2201 2716
2107 1207
4697 1303
2612 3834
416 4068
176 1646
3449 1355
3080 4920
1322 2989
1598 2593
3510 2198
72 3653
4123 659
2998 1860
1900 1000
1321 4121
1985 2037
1916 4913
4486 3954
200 742
4209 1568
170 1845
4880 4682
2208 1109
707 260
4076 3850
125 3027
2775 2608
129 2885
3146 4547
1715 482
4169 150
308 3339
3505 1794
1698 1106
956 3218
2344 1642
2098 1134
737 680
634 4556
931 1955
4905 253
2489 280
1755 4871
2177 1073
416 1702
4232 3087
4976 2481
515 261
1658 3939
4439 4991
448 3982
4619 243
632 1071
2220 4062
991 3782
3673 2834
1303 1564
1929 503
4899 722
946 1448
2223 3407
795 3687
2845 3578
1548 3684
486 3241
1724 1465
1654 338
3131 2169
1467 256
2513 4859
3319 4657
143 3202
1507 1277
685 2703
271 24
3251 1313
312 3476
4196 1851
1521 489
184 1102
2893 4799
1785 3849
2188 246
3344 4463
1860 3259
4017 3872
2833 3173
2684 4442
2016 1089
3517 3977
40 3299
3206 1284
4147 4998
3676 770
4388 918
1031 21
1736 2443
374 2390
2074 3481
787 778
1786 3382
3346 523
1086 980
936 714
884 4736
1097 2187
2086 649
522 4753
1983 4261
2689 1637
2237 4920
2066 1793
4199 4279
1387 1497
977 1012
2122 2548
2246 3203
3565 1703
2573 1540
2371 2258
1655 1921
1081 4360
3392 2299
511 3961
868 4592
1676 2034
500 2137
791 2776
1257 4377
704 273
968 87
3543 4516
3567 3496
4187 3457
4199 3438
3365 2627
1666 1086
341 3909
2815 1361
3013 1155
3339 4753
2526 3707
4250 631
3080 3180
3839 3314
3422 2518
992 4146
1840 1970
1566 4309
4474 3763
1971 3682
2054 3148
1509 2709
4430 1716
2690 1067
1772 4664
1260 542
3573 3632
967 2515
3171 989
2200 3169
3851 656
2937 3445
4407 1279
314 4428
2372 2524
2074 3328
2174 3462
1103 4935
1418 588
1154 1464
596 1127
4214 1496
2371 2407
3306 3860
4834 2497
4853 4224
520 2880
2794 1127
1466 1586
445 1372
2272 2108
3100 4088
3597 1520
2553 716
4754 2493
2591 3258
3358 4960
2810 887
687 866
260 2020
2436 2314
4102 1029
2870 469
1732 457
1075 2579
844 1396
3317 1275
512 25
723 3586
58 3972
3175 4096
2184 39
2296 1659
1984 723
4504 1232
4301 2233
1481 591
506 2409
2859 2703
558 4819
4121 562
3657 29
3333 714
2183 3093
1321 1468
1075 2359
4095 3988
1365 4984
4715 2265
4391 1747
1256 426
1468 3164
4232 793
2881 2620
1129 4719
4721 4949
2092 4080
2588 3767
2127 809
1160 4826
3221 2519
1315 36
4148 457
135 4157
752 3361
1479 1209
2590 2295
2977 2525
4091 4695
4373 190
302 2420
4845 1703
1540 524
1828 610
3187 1638
1828 2417
2624 170
2515 4900
3645 416
3670 437
1677 379
2953 2859
2138 4847
2989 916
2289 4617
3075 2383
3916 334
657 1057
4617 63
2130 4525
1985 2443
2050 4873
3027 3397
203 3583
417 3776
4553 666
2756 3760
2845 1418
4444 3555
2000 1825
122 3423
1414 734
794 4918
2061 1874
4075 1176
2502 986
3209 1623
1027 2396
1292 1721
930 1989
978 4073
9 194
923 2255
138 877
3804 817
2913 1091
2254 2290
2300 4980
2903 2323
1370 2603
2730 655
2439 4735
227 2275
3135 1464
4349 2973
4504 1454
519 2308
2438 3334
3180 696
3145 662
962 2660
1577 1908
646 3473
2973 3593
4197 629
536 1812
1230 836
3533 3717
1159 4957
4621 4750
4725 3297
4527 3121
3984 1407
575 3446
1589 1692
665 539
878 3105
2943 354
624 2005
626 4853
2843 2612
1150 3725
3591 136
2329 147
2805 3856
1910 1742
2780 4382
84 4103
533 693
1100 2313
1048 1162
291 2406
4960 2570
2140 2629
2581 1229
1779 2472
3457 2441
4445 2149
1126 4746
4699 2211
1181 617
1065 4816
4473 1227
4594 2480
3006 2483
334 3537
2588 1106
639 733
1065 1166
3400 4519
2509 33
3439 3897
2639 3979
4060 3246
745 4170
4770 2363
1519 1050
559 1468
3062 2144
4191 604
1227 2187
2005 3604
