80 3000
46 61 405547
46 7 389252
46 54 7392
28 54 69914
9 54 284811
71 28 118257
61 49 7119
15 28 421874
28 51 50549
12 71 355685
29 61 344195
49 41 176981
23 61 473003
71 76 474076
2 71 310162
76 25 30113
38 61 425506
29 34 338524
51 79 60137
34 53 187582
25 8 499260
21 7 430299
54 77 308310
9 17 461505
63 79 387098
29 39 256657
7 57 201634
30 51 68081
6 57 136875
9 11 474173
49 27 411016
21 3 377561
73 51 369791
24 30 227555
48 71 407760
44 25 395838
37 38 190203
48 1 323216
64 41 376182
1 13 98433
55 39 41568
5 3 227606
61 43 68270
34 74 460922
77 16 152346
68 15 6655
32 61 391259
41 56 371475
56 42 201220
38 36 24820
32 31 327489
13 14 168222
40 36 472759
7 26 494066
27 19 389675
64 10 454292
17 65 7455
80 53 365244
71 33 374360
45 63 366105
54 67 119672
72 8 350758
16 58 318462
38 75 316304
31 70 109864
18 6 443814
48 50 198562
35 28 90133
68 59 358278
4 74 128607
69 12 214893
62 80 169977
60 8 412510
20 3 208070
47 49 444874
37 78 366398
44 66 323879
22 27 33537
25 52 42074
68 62 439991
75 24 238961
22 57 488480
53 27 51335
47 57 370855
17 74 203430
24 76 138777
5 71 35634
64 27 221378
45 49 435974
64 23 352442
16 13 364243
23 59 436683
37 7 76945
65 8 53399
46 52 99019
35 60 110161
56 44 425984
74 9 279925
64 20 28757
47 31 358899
22 61 371764
43 50 225199
13 42 402936
65 28 288729
3 8 172513
4 31 371379
66 66 250945
50 54 486029
67 45 466694
75 35 196631
45 14 319119
72 80 11760
17 3 212926
60 75 201447
34 32 366592
57 58 70425
1 49 255622
9 65 302151
18 16 450457
44 61 33574
58 48 218207
23 8 49046
79 2 156032
75 72 133110
1 64 177737
41 23 202157
50 30 350558
54 13 7043
53 20 388938
15 57 397649
11 47 204704
23 34 301424
34 20 61146
75 51 246817
64 33 87036
3 24 101014
42 2 441597
72 77 52992
32 45 144422
4 20 401741
57 69 325392
13 70 338194
33 56 454941
30 73 461674
24 57 312321
77 60 16545
32 77 265538
60 23 40917
2 8 19086
58 33 438942
58 46 22086
79 41 42774
15 19 407863
52 24 316608
27 73 251420
34 4 275320
67 38 493208
35 38 121862
72 20 29591
37 34 106543
74 38 41708
70 6 422915
28 68 86726
53 44 483818
56 57 355829
72 1 479979
30 47 163704
45 76 362749
38 80 409002
39 75 299501
22 34 387711
49 66 461061
6 53 373852
6 76 130580
58 63 380212
67 5 161908
74 50 398664
35 61 240351
47 59 469403
64 55 320911
13 21 371876
72 65 59377
62 20 199576
36 15 282126
24 49 152416
50 7 394156
59 70 154978
68 17 377242
11 6 77992
63 48 39990
29 55 280359
17 32 124775
68 20 386446
58 26 194779
36 21 231308
11 42 70591
7 69 111911
18 42 154967
13 18 243971
45 44 374248
60 78 8194
75 46 67431
45 51 430110
7 32 66841
77 71 327093
36 76 92803
46 11 459888
21 67 198403
5 72 207827
60 70 2900
25 15 71494
74 71 24226
31 12 253775
23 22 35838
66 65 403015
42 4 19065
66 75 429980
16 44 75072
56 60 399816
24 13 380729
1 78 442419
22 42 270844
33 70 210848
28 63 401127
43 29 352968
61 56 311265
19 25 3916
70 24 237126
71 24 384287
47 2 193468
31 27 395548
13 23 477329
73 6 274803
26 52 459873
44 58 487023
68 29 38436
78 68 466958
57 25 358121
71 46 470637
30 36 402453
1 5 419890
60 19 369760
73 31 212057
5 78 367037
74 60 117423
36 20 169401
46 62 27881
45 2 206304
71 72 260895
38 41 404467
56 48 198605
37 41 96606
2 32 25160
60 26 102593
48 29 64874
24 10 141796
3 70 335412
50 19 170196
74 1 411375
45 22 307873
49 60 372587
61 57 200839
28 4 232058
28 53 446478
24 53 275366
63 57 112057
65 67 467916
65 16 476874
62 12 295753
56 54 324585
30 20 407643
17 39 445945
52 42 39656
27 78 405083
18 39 321609
73 56 310406
61 52 310418
43 51 85167
23 56 242837
32 4 248709
7 79 446735
67 23 18157
70 15 283589
70 63 275421
57 32 168534
65 59 320540
43 77 339859
13 49 11948
36 12 295779
40 21 133864
12 55 149440
12 21 281164
51 2 10724
46 49 97105
14 39 215106
67 56 216079
17 19 220214
35 54 413332
66 25 124247
21 62 34510
69 27 382834
41 59 131818
25 80 391169
57 76 162827
1 77 135631
79 77 367688
48 65 213048
54 54 122988
52 29 21286
51 68 303360
68 18 244982
24 66 374808
53 57 285482
8 61 30191
27 18 105163
26 41 112424
43 59 371035
54 41 470968
65 45 249533
77 56 244009
48 8 478039
78 8 91730
43 8 38334
72 42 463864
77 8 180270
61 40 48163
58 24 215068
35 23 144096
49 40 433851
76 51 378664
50 11 183956
38 30 435758
32 22 370867
59 49 316490
72 34 154864
59 28 127504
37 32 257481
68 69 79228
54 63 374323
24 31 215442
76 31 429108
11 30 325120
26 25 330401
58 40 62813
51 57 151340
48 38 455853
51 71 52174
44 47 130290
69 36 378639
37 64 137420
6 62 114213
35 53 332295
56 47 408001
51 13 143176
21 21 17390
49 4 41070
46 31 452063
63 49 231579
52 73 181376
30 67 88719
49 42 367962
72 70 289617
41 77 280865
73 53 155943
42 36 131180
45 25 480296
59 79 318497
44 4 339078
3 66 491330
10 17 315812
59 25 88440
72 46 113507
66 46 197236
67 63 470598
14 41 378982
29 66 108747
29 56 479334
55 36 216818
21 20 18285
71 34 451980
53 47 140272
77 47 12338
23 17 343670
8 29 320015
28 12 426194
8 28 369111
3 52 385089
47 41 301326
31 79 203516
9 43 315090
62 5 497473
79 25 357957
27 40 57616
34 68 303314
55 48 154082
18 61 291853
62 53 235909
72 29 404712
56 51 347149
1 66 498467
78 9 372310
3 36 88402
24 80 86251
3 72 10485
15 29 183328
44 29 261110
34 33 151283
46 68 221223
16 31 289399
69 1 206267
60 36 368314
7 5 345535
52 6 208812
56 32 4321
49 67 339322
62 48 302401
4 21 442968
70 56 304540
65 64 296303
40 32 177612
36 44 217214
6 41 173281
58 50 32793
66 63 6639
8 45 106344
45 31 402904
23 70 461542
22 30 481470
49 73 217891
51 41 253857
71 17 37292
79 60 388538
2 23 458180
33 74 435730
70 35 449492
14 15 3412
63 25 192118
48 31 336966
2 70 346547
58 10 57215
75 12 186515
19 12 441247
30 63 225667
12 80 105333
31 62 479508
74 48 224998
42 27 335523
67 79 188820
70 69 454078
11 1 355374
58 2 322589
12 64 137957
59 53 279154
5 19 237104
56 49 161557
6 22 459098
17 50 149461
65 57 261709
56 40 260932
38 70 269957
57 27 331697
45 57 466326
44 8 248221
47 75 82934
69 69 54818
2 74 131202
1 55 401721
27 28 9801
54 73 184107
32 29 490482
77 40 354516
66 19 328545
16 55 314122
55 63 448511
36 50 989
17 45 380588
5 20 216754
72 41 62163
10 51 43598
71 41 486170
32 54 154733
15 52 412480
72 44 206986
7 24 233507
20 10 213153
32 24 31044
58 67 453348
67 50 427819
69 20 252546
57 64 144481
33 78 464582
21 31 214850
73 23 166413
78 24 327559
57 71 79586
1 46 49645
21 44 45393
74 40 264288
2 44 67846
40 16 475369
63 68 233100
15 50 264712
22 33 61769
6 15 399418
48 39 162188
36 56 242934
45 62 252962
44 44 389744
27 68 348054
46 19 443377
59 27 350872
74 54 166368
71 52 222526
25 56 104321
33 9 20474
62 57 254856
18 77 70764
4 60 399986
51 61 112754
35 47 463033
52 18 261060
66 2 318217
47 36 208444
21 63 438524
21 48 198267
5 28 98215
7 78 7914
2 67 299420
55 65 414337
60 22 158064
16 52 305743
67 74 107434
72 60 217628
70 30 435658
47 12 161009
76 12 61316
66 18 122417
24 21 455435
24 43 366479
35 50 263023
43 3 424826
1 50 107107
14 59 25932
23 80 11469
30 14 299396
18 30 13701
4 76 100807
47 45 46453
54 4 99331
1 28 380993
55 27 221375
74 23 449301
35 33 128482
26 63 66999
2 41 234270
51 32 29891
7 34 466986
73 32 392112
63 50 393623
68 60 264386
35 48 348884
74 30 218254
16 8 13769
32 21 455557
8 26 356185
60 73 493983
57 20 117384
64 30 393309
33 3 307341
14 51 357655
56 76 194037
70 61 147790
22 38 8111
35 69 171656
49 53 159744
74 42 427627
28 72 259013
4 67 260919
16 9 218255
66 5 422269
16 69 480033
46 41 213936
78 32 157912
15 54 321142
31 58 246258
71 20 278071
76 34 204637
31 42 6985
14 33 81758
52 53 471865
23 21 34217
71 53 69648
61 6 101039
17 59 471669
56 27 415163
4 50 423094
17 18 413407
32 49 231744
34 75 122522
28 56 250783
30 1 425883
67 44 135286
35 31 221469
54 40 246510
45 16 498555
14 19 470204
69 11 369363
70 78 38807
75 25 456483
57 37 178686
25 18 16559
27 14 258195
26 76 399383
69 56 53927
36 41 219423
71 30 234118
66 76 360891
39 54 129893
50 68 134185
34 35 11103
64 38 399688
78 6 128177
70 37 442929
66 38 263560
38 53 116298
41 28 119645
48 40 288140
47 37 157560
62 52 240730
26 14 182605
59 36 410401
49 39 451300
76 74 152310
20 47 104176
44 33 45707
56 31 230952
31 28 247267
21 61 378101
42 71 335907
21 66 161718
18 31 30541
19 61 70290
72 6 419196
43 28 153314
15 18 382535
21 17 278497
45 75 145423
44 28 251379
1 35 364909
49 15 191909
51 40 354728
7 23 181907
61 66 179497
21 76 429736
17 16 374176
23 62 86853
78 73 225574
8 73 25835
73 25 432962
33 17 283944
10 69 250139
1 61 332934
54 25 25202
7 63 166603
10 47 216135
46 15 97822
76 10 201134
42 51 454447
36 71 90506
25 37 247367
27 51 95022
1 51 174448
42 70 28783
5 50 263510
23 40 331749
17 5 286643
35 40 32533
80 76 249413
57 43 250836
8 21 110334
54 3 113975
10 1 208206
75 26 439559
14 6 275603
31 34 107105
29 25 200978
72 56 451345
50 72 389917
37 58 94311
67 27 266737
39 39 352247
46 38 341602
49 75 286518
16 7 250861
46 22 301478
47 23 498330
30 32 472190
1 1 26339
16 23 178187
14 12 441762
64 7 440303
39 67 153638
10 41 431
4 14 335841
21 45 163137
40 37 209589
76 39 334167
22 64 335804
62 25 165195
38 42 351588
21 27 428240
21 41 412179
43 6 284639
33 79 454817
28 14 40036
27 77 475651
48 7 457373
64 67 28691
27 30 313445
61 33 65570
28 21 183598
72 61 407190
45 54 37506
25 27 449652
41 78 466825
33 50 466439
43 48 90137
49 18 424529
5 53 315076
37 8 317231
72 18 108781
2 56 371424
60 14 238794
57 30 482359
2 77 4187
44 62 177627
76 30 12110
35 3 370936
3 22 407386
34 8 145822
46 24 406806
49 3 416740
20 66 414956
9 34 338106
63 23 467406
53 39 28103
55 4 179069
32 66 453558
1 14 192360
10 34 57344
65 1 159250
42 59 158807
55 7 403786
50 29 491350
73 41 199962
54 22 189691
65 31 34435
15 10 16454
70 66 264109
40 14 152773
5 11 499894
6 16 249363
68 56 407925
74 20 130225
60 2 5013
30 7 365746
71 13 450500
34 19 233636
69 6 203243
13 34 63681
18 73 276851
44 74 287429
17 28 143238
16 39 251694
58 32 273926
61 55 113482
39 80 294864
72 9 325308
72 66 42575
54 38 466667
61 71 199403
20 1 97734
41 61 87665
12 67 401218
66 40 122045
51 34 101400
71 59 181900
37 59 117291
22 49 411232
1 18 122235
36 68 401209
28 24 367774
55 70 337322
67 20 173370
8 39 222421
58 61 29970
16 22 296567
40 6 237879
11 49 407294
7 19 45832
15 11 43144
15 69 180444
56 8 436085
1 42 265503
63 2 166441
25 65 116685
54 8 273810
57 49 303614
66 74 34997
30 12 306907
65 20 35472
79 80 401640
6 21 494682
53 48 294813
27 12 378283
61 47 34070
57 26 346649
13 65 39865
75 22 95305
22 26 79788
35 37 82047
19 11 47211
80 22 365721
1 63 433090
49 79 43191
35 64 101735
28 79 316954
48 23 488664
4 10 310289
77 69 236240
19 23 397055
36 17 487221
48 27 114443
29 73 318551
55 58 338836
1 33 48170
9 6 147335
79 42 434457
74 46 459479
30 9 25732
39 20 23239
57 31 342239
22 40 458381
60 13 314169
9 7 198920
9 24 154632
53 58 54128
75 57 476846
75 2 248916
25 14 73235
13 28 248366
44 42 198337
68 3 262235
35 42 475319
33 67 213081
9 28 281681
18 5 60672
36 66 244446
79 56 204824
4 29 327298
79 20 463538
9 40 66538
35 55 392401
48 28 220837
78 23 297299
72 7 198253
76 13 12355
13 79 79432
78 12 370051
8 51 448443
22 37 114164
43 33 191926
37 69 353167
57 12 346459
36 24 171893
32 71 26383
53 40 476808
73 15 356967
43 15 259380
51 4 390780
78 35 357667
19 43 444030
15 30 717
47 5 222274
24 17 139700
19 24 10662
6 12 481404
67 59 221605
10 45 125125
31 39 432530
64 39 274403
41 43 477200
55 67 116878
78 72 316304
65 73 305242
55 56 116921
12 61 211560
43 18 312809
50 34 387798
30 55 316205
60 28 316612
49 52 236832
70 75 288218
22 18 391697
19 73 69761
47 8 369865
80 60 325693
10 52 243872
35 45 447816
73 34 483389
8 12 359979
8 41 83481
70 8 291908
2 48 85853
5 5 63432
26 36 203611
33 68 51598
43 14 396575
75 63 354783
48 79 440291
61 53 395418
11 31 493876
60 58 454188
47 26 287136
6 68 317317
11 28 4220
36 49 403370
49 6 454238
9 70 68182
1 26 451608
78 75 1385
39 79 12184
74 53 383688
19 78 17108
14 54 446399
18 41 135006
35 25 30012
39 63 428627
30 21 452235
12 45 107031
13 33 189055
38 32 31626
11 61 32060
53 78 146929
43 64 6320
18 46 149619
33 40 2350
77 50 372882
57 5 489975
45 38 2068
35 68 442584
17 55 187621
70 62 274482
47 74 300505
60 71 495771
9 45 99710
38 76 130434
46 65 107460
64 48 143980
18 58 37618
26 55 304673
14 62 432985
68 5 97490
9 50 436050
63 32 354839
29 79 470480
17 25 292904
37 11 35199
12 20 461023
67 26 352712
56 65 386501
9 64 253735
27 52 8612
60 60 240916
12 66 208668
30 80 413434
25 3 448604
16 62 99338
46 8 448526
55 54 177782
63 4 157644
26 78 379543
10 38 468652
44 40 452347
12 60 445418
65 34 29669
80 73 490473
80 49 55048
52 19 52684
43 52 388454
22 1 71149
26 44 340029
61 4 67602
5 40 140043
31 66 18495
44 43 233226
58 76 454090
69 54 277496
32 28 455571
49 55 371120
75 52 120002
35 77 81546
77 61 331452
19 55 222224
17 72 342620
69 19 154320
22 7 120892
76 78 34920
70 19 314968
28 10 367264
10 35 101830
62 78 227924
11 12 304952
33 6 288402
59 64 326728
48 66 12223
51 50 3654
22 56 359125
13 30 171585
16 43 367276
32 10 99906
60 31 412713
18 44 317866
73 39 99766
1 67 86029
1 73 242135
28 47 260092
1 2 424992
35 7 390793
41 66 209372
9 75 278662
67 8 262664
10 25 275866
50 71 11297
8 58 208340
62 71 213020
62 37 77063
19 67 90198
2 39 186735
29 45 279285
30 43 281154
16 21 444315
75 61 470287
80 56 175626
36 39 448908
40 55 99005
10 48 234671
62 56 456773
52 65 29250
24 47 263906
3 40 313867
48 37 286591
57 60 194672
28 66 480574
75 62 282806
69 3 314506
21 80 58612
62 7 141981
2 72 339464
59 31 239165
53 72 200526
54 2 318759
38 57 445440
26 11 322847
10 2 252326
24 61 84199
22 71 381711
20 33 214372
80 20 232267
58 14 22287
36 23 358892
11 41 300046
79 61 150193
4 41 230248
22 22 96734
10 37 7575
40 8 229989
23 72 476345
36 80 125287
37 52 58270
72 58 459633
79 9 268141
36 37 449947
65 33 479085
46 44 406039
78 50 148156
75 36 203616
16 50 232647
78 17 498941
24 22 302928
10 59 159428
18 40 87628
13 13 102402
15 66 131789
28 19 291380
34 14 251540
42 61 181376
16 49 277908
64 51 407195
80 26 340177
8 62 418683
11 77 334997
29 65 70086
15 9 393112
20 16 261690
6 71 400375
23 6 274751
35 21 94226
53 25 192303
7 47 25569
63 60 425260
12 24 238811
1 15 199594
62 67 263972
43 69 145536
38 60 16476
2 30 194275
67 10 222749
17 14 81804
34 1 230921
77 37 427837
33 12 467434
22 11 104418
70 7 54186
74 18 34341
75 29 251679
33 4 176352
30 37 205130
2 37 53358
39 72 95282
7 7 312596
23 5 495908
46 9 61676
45 79 214578
51 37 478567
34 24 69581
32 13 251430
6 30 498569
65 37 117239
31 7 224693
18 69 366504
59 69 57777
20 9 485374
28 36 465406
23 58 143932
46 39 201143
59 32 417207
79 64 155779
15 76 298868
36 70 351710
76 70 458611
42 78 291821
6 75 220391
21 74 387583
62 76 354712
52 77 325731
8 20 249646
62 50 207750
23 51 290501
57 48 118612
12 49 476118
29 36 221017
53 56 220342
69 71 295186
46 16 496982
64 42 171898
59 22 231912
71 14 261298
8 27 79924
66 37 156793
65 36 491891
60 50 227196
43 4 50668
49 8 471759
43 27 39255
55 51 232386
25 48 94806
50 3 52327
43 39 243412
71 39 71361
45 71 199214
2 57 374385
69 13 366569
11 8 284157
70 65 8565
13 38 432092
46 76 438036
42 15 363931
68 10 825
62 29 445956
2 31 217928
5 13 196480
20 49 278529
75 44 404457
3 1 385413
75 37 72158
18 14 116142
41 42 180122
71 3 327188
59 74 285907
15 72 276389
56 26 400959
41 31 414061
53 76 478229
48 5 183411
44 41 217444
55 79 351172
52 35 111267
40 39 215559
65 24 359817
36 74 154745
70 5 192505
16 79 302928
63 9 300623
34 21 354892
78 10 136992
48 52 273539
59 58 448654
63 80 34756
54 21 426968
58 25 76866
1 57 34069
3 6 419130
12 32 273316
53 17 184064
24 39 330265
67 40 232638
59 29 231878
61 69 309558
48 45 324082
71 31 499545
41 33 419793
9 55 25145
55 76 322937
38 1 179351
53 36 482480
15 47 407436
22 50 163727
30 46 136133
4 70 138202
79 46 160383
44 55 198887
53 19 303485
41 20 32042
2 69 199921
7 76 108325
78 74 417949
22 21 232510
50 32 433254
53 21 438702
4 19 250808
64 78 19625
45 70 353202
42 53 372778
32 43 80337
11 62 373695
68 72 239438
30 69 43389
80 67 342581
64 16 395420
44 63 260222
13 68 64093
44 1 402260
45 36 95361
44 50 485661
7 15 315564
14 66 269533
46 53 393799
66 17 94154
46 56 257610
62 55 159531
63 61 212438
32 11 174568
45 42 246675
49 76 913
8 13 817
26 31 401560
13 44 311088
29 10 283720
54 76 262661
18 38 121185
20 78 391607
57 40 352591
22 62 76086
76 2 259035
27 11 236963
42 23 60848
42 33 479768
44 17 53577
39 10 194871
66 4 211251
16 76 416685
69 22 495856
64 58 432096
6 51 93724
64 34 200200
39 5 27489
3 61 137956
21 64 487845
54 27 488750
44 35 293491
28 18 432765
18 21 225901
48 33 487816
15 67 84437
29 64 333769
58 42 188044
3 32 231529
10 13 194220
78 66 344598
53 55 45479
9 68 383155
51 77 44627
17 62 264303
6 25 164150
20 77 419574
26 40 70133
7 56 150718
42 43 437806
80 48 184048
8 66 281617
7 8 354477
20 61 337791
73 57 132490
3 65 488392
30 59 438921
23 66 296948
63 10 191919
54 42 329661
69 51 139737
61 17 25964
38 55 93680
29 33 277640
53 45 275008
66 11 414696
56 43 400078
79 35 347023
43 53 314978
36 4 475597
74 8 219074
77 67 257656
11 54 284366
39 68 213260
69 47 105667
47 18 457037
3 2 5163
12 29 379859
66 67 459706
60 3 188011
6 65 256047
55 74 53226
44 59 4852
42 50 255559
65 75 331655
42 26 116472
32 75 156985
27 27 226442
59 56 452605
71 63 47055
73 50 405073
70 27 357212
50 31 368639
38 4 106712
38 16 125937
30 23 164051
67 61 224766
26 2 110851
12 51 492987
73 66 354118
31 49 106811
74 37 79532
1 52 189183
64 69 3535
55 37 137041
41 7 241917
37 33 416804
65 44 185656
4 30 379238
41 13 86474
59 77 112012
10 26 430753
4 22 347078
9 13 146970
38 47 132311
63 24 297294
80 14 300614
21 70 346803
23 33 124867
24 56 198706
16 48 196302
77 49 223880
38 40 107123
72 67 253430
56 6 185308
39 34 221531
4 57 280646
3 31 261607
32 15 392538
44 5 22475
79 5 338470
48 11 205650
15 71 95946
55 43 382413
60 34 34168
12 56 423659
28 45 282217
54 51 493288
25 11 131270
45 50 21579
36 63 458655
26 70 23230
47 27 455010
69 62 265564
45 34 291993
39 65 260899
40 45 391466
58 69 339130
75 58 279858
33 45 15413
76 9 359004
9 22 291846
72 36 174036
10 9 280683
61 31 164775
8 1 386103
73 42 378392
63 43 395520
45 15 344012
16 60 420075
68 14 291691
63 63 140675
9 56 88198
41 27 349207
60 18 278235
7 33 447629
59 39 80846
59 76 24898
2 29 19061
46 5 449409
9 80 88318
68 79 77951
57 66 260670
50 6 344458
3 51 283745
74 6 161247
49 17 118087
26 74 216398
13 52 280473
45 7 194139
11 10 157968
6 39 310067
28 25 198552
34 48 334799
6 47 481006
34 5 470078
38 69 337745
72 33 112023
7 18 331645
61 60 179124
79 19 113406
15 35 234118
77 65 351644
16 30 215709
25 2 101602
76 41 447472
68 24 427682
25 25 231436
17 42 270284
3 26 208347
3 12 314289
80 6 75452
62 63 68816
78 58 154902
12 79 363693
5 60 115629
53 70 194786
31 33 92897
43 22 445880
31 10 491641
19 36 163247
24 74 330429
48 42 202780
71 21 44590
58 41 443394
7 4 428500
71 64 74945
34 16 335561
56 52 144917
41 69 437387
26 30 332690
53 37 263297
79 44 428148
53 29 362370
31 51 133510
54 34 75830
66 39 131248
16 24 472279
35 22 485672
78 22 424702
58 74 421607
46 12 406935
1 25 398533
3 34 121214
55 59 272954
73 5 494578
80 27 131153
33 49 152725
3 10 398065
4 59 147792
44 49 478952
6 17 31548
27 33 118470
55 20 223044
26 17 425815
6 60 339227
77 15 303817
16 36 471189
78 16 433338
59 6 499957
29 6 467986
58 30 358519
26 54 215579
17 12 263849
43 65 37825
72 48 18346
37 37 65144
60 47 96414
74 75 123749
47 55 234336
19 72 135865
62 59 29753
73 75 145623
24 67 448318
49 74 328774
74 69 372686
9 58 256703
27 38 434400
6 46 192984
37 56 241022
38 21 203622
28 34 452724
65 26 57424
5 10 243705
16 41 366164
75 7 310215
23 55 63627
31 44 44871
28 29 53263
20 25 43725
10 10 166100
50 56 491792
53 60 314300
27 79 380863
36 77 92618
59 7 298022
2 5 274641
77 14 119937
23 24 21483
76 65 309847
35 63 386348
32 23 379574
64 40 336770
55 80 153906
12 4 426971
21 26 124357
62 34 56965
44 3 96198
9 2 51531
56 34 488559
72 54 91716
4 18 124828
66 64 299858
32 20 122659
4 69 212261
27 13 365823
58 5 71760
37 17 308842
26 59 89967
60 7 98141
64 80 278834
42 16 11883
4 3 33153
52 63 271534
21 65 2032
69 67 240498
54 12 121430
16 32 142256
40 69 371464
28 20 6258
57 33 21509
4 15 160436
56 1 81927
7 71 17981
68 2 303150
9 4 394581
5 64 79468
24 11 32306
33 2 157407
38 56 49223
50 41 486736
69 33 332596
53 67 347781
43 47 424814
45 5 301314
54 31 263890
63 31 479115
67 11 154367
74 57 4272
75 64 443377
33 39 184650
10 60 61656
68 26 239202
66 62 387494
74 62 113309
79 74 386788
65 58 349086
55 5 14978
29 60 194522
79 38 31009
19 32 426534
52 34 299266
68 48 303154
15 5 124285
21 51 165618
58 12 359996
19 47 72935
77 30 427286
69 55 397000
58 4 10308
48 6 459898
23 9 446304
8 19 318508
71 23 174294
38 31 298170
11 40 146714
79 70 297351
15 55 133403
43 38 268397
7 1 248315
32 70 95481
61 59 146959
22 36 418298
19 38 248479
45 72 355946
13 57 417317
29 35 71951
65 78 188457
78 54 243584
3 13 69892
80 68 352356
7 61 84375
73 64 343211
14 14 307799
45 55 96494
38 28 358010
47 54 61089
55 28 205997
24 2 366658
12 63 321224
46 14 358115
31 68 496913
62 1 69018
54 37 399122
58 1 290294
11 56 294244
3 64 258401
48 15 417875
15 56 362693
26 12 438794
2 49 228692
64 62 366171
79 71 115126
14 76 203494
70 73 84142
57 80 119989
58 22 93516
18 78 206640
21 78 7039
34 55 295707
72 55 495144
71 68 217583
75 69 267158
67 71 189981
49 65 28955
25 21 314721
42 65 22446
65 2 223640
70 80 149454
12 15 329958
42 42 448136
64 6 324571
67 34 328933
42 68 130707
22 29 74516
24 26 304302
24 48 137348
52 11 142511
24 77 481115
2 64 203767
36 18 296738
51 60 262337
34 58 335394
32 6 220867
79 14 388108
56 66 422619
58 13 271112
46 78 297549
66 47 201119
27 39 198862
68 8 424724
55 46 257604
78 48 28133
60 15 322826
22 76 160543
43 5 452714
15 44 55551
28 76 263256
58 28 39210
32 32 91653
80 71 464656
1 37 427447
78 34 62791
72 43 424178
32 18 138449
52 68 305257
76 35 43303
11 70 64403
79 69 428891
38 5 463840
25 77 106318
57 39 405590
73 12 174950
35 36 273878
7 39 224466
36 43 282105
19 48 12179
34 59 135721
27 26 326732
50 21 443955
66 80 443913
47 42 222540
25 33 439744
5 49 157244
23 27 276468
55 42 499252
28 77 224580
48 18 262594
54 71 336840
8 15 30054
52 22 352498
67 60 96658
4 37 295725
7 52 176017
17 58 31779
60 41 316904
77 48 90212
8 5 469136
3 11 107858
71 75 382050
77 63 215657
72 47 232520
43 12 402989
5 61 26583
76 64 391128
37 46 353339
56 56 207155
18 71 452625
17 73 400531
59 75 216418
40 40 414815
36 67 150022
33 21 83092
48 76 294807
55 77 54375
24 50 246361
60 54 356073
38 34 173958
66 55 189460
63 8 5015
69 63 313145
58 6 368941
79 8 11755
25 55 234971
13 26 286168
6 26 430212
63 46 343995
75 23 29295
42 80 324377
28 40 410901
78 51 422618
54 49 78668
9 12 122056
17 56 330630
39 30 430662
24 73 49978
42 21 475892
19 41 396809
52 4 80575
45 4 485630
47 33 3771
74 3 172321
27 9 184070
38 3 246146
68 19 5517
41 45 295798
80 7 419884
48 4 407658
56 19 43848
19 26 342803
13 39 433554
69 28 281905
79 76 121618
8 24 59499
9 36 484637
42 12 341250
32 72 453692
68 30 69431
57 11 212525
76 23 92217
80 45 272413
62 3 289660
45 37 412395
31 31 371131
13 47 271817
17 69 333794
9 9 74002
78 67 69132
4 16 48412
75 8 489038
14 21 487878
10 66 197172
27 74 202009
67 32 20525
15 58 30170
75 79 389319
5 69 304734
37 5 124595
40 73 71418
25 49 42022
37 44 486975
77 34 415688
20 15 134927
55 52 485512
9 1 112833
28 61 99677
43 66 416203
68 64 27963
74 39 107832
48 30 272112
13 59 154613
17 77 23385
46 17 70706
49 78 260973
22 44 435887
74 74 345873
56 20 321869
13 37 375005
21 47 213259
38 65 108546
27 10 57906
65 79 112392
34 47 175458
1 47 492823
80 50 149484
73 63 303418
15 78 256067
26 16 104936
43 79 113894
14 65 144999
76 1 445806
6 2 455527
63 56 244125
4 25 203964
62 30 313389
78 43 487521
36 62 164765
72 52 44290
58 52 37810
46 47 230398
13 2 265453
5 30 463894
80 77 2440
23 38 108875
43 70 278069
22 51 178137
45 27 158026
14 9 246990
37 20 491586
15 13 323848
26 72 112754
61 10 372225
29 76 421101
48 51 173948
17 8 5626
51 17 365969
80 69 239262
77 22 333393
52 32 286055
74 25 364692
34 61 409310
5 22 273845
19 35 279144
73 16 88353
2 35 388512
4 65 314302
35 32 447345
24 44 236448
74 72 219132
58 35 4052
30 56 7848
72 79 381883
27 37 51446
71 8 427335
5 29 112494
32 48 254231
55 2 185769
3 16 343726
60 52 62736
60 64 281131
39 69 33183
19 9 391071
29 26 319591
19 77 411301
63 29 37048
74 43 495512
61 25 31603
43 35 369652
45 74 60104
76 8 153082
27 1 120086
63 40 305004
64 15 251798
51 49 313182
28 57 315497
7 73 85472
45 11 22433
72 76 357190
23 3 339161
6 66 86515
6 54 65669
55 22 185565
43 2 218209
22 79 394401
9 49 192546
55 50 432079
21 29 321369
75 28 392152
67 41 355578
5 76 438430
70 51 342002
27 44 87937
43 37 29345
67 35 339947
31 1 383873
53 50 387780
24 62 363984
10 56 166536
67 18 143889
3 77 48155
43 73 437769
15 74 499756
42 57 370217
70 64 334881
29 47 374016
64 54 476237
11 79 214914
25 50 268165
14 3 386401
35 59 458934
13 36 266547
14 56 99424
51 63 71959
60 66 119392
20 75 96283
53 22 110885
49 21 423355
5 74 73445
54 80 256543
78 40 373142
25 60 137662
14 11 88672
52 74 111529
54 52 451471
1 60 477082
3 45 340897
65 15 177469
77 13 422266
42 10 76517
4 79 116655
30 33 484027
45 19 283514
24 55 447728
58 49 241171
19 75 146012
13 46 52982
6 63 467898
19 64 142472
35 13 151678
12 77 230097
79 3 344787
74 65 176398
13 12 115022
38 49 193582
21 9 72867
4 1 50398
38 25 467536
63 34 291894
2 27 108736
37 63 400730
19 10 400018
11 43 273275
34 15 71788
47 78 202661
65 10 179397
55 8 203099
63 20 67883
52 67 429202
78 31 347749
51 29 305096
27 20 316304
70 48 305261
30 3 291148
54 70 88714
28 7 480211
50 39 447945
29 18 82481
75 80 281528
12 38 407532
53 4 294733
68 76 195436
52 20 275982
9 67 226344
4 39 350997
15 33 217956
75 55 344018
14 48 481795
31 77 291312
79 58 133324
71 78 139770
35 72 34234
80 15 270214
34 30 92802
27 4 464635
42 63 133270
8 42 31843
76 60 349939
22 2 67996
27 6 431746
12 68 101848
74 35 411943
59 45 451033
22 28 270866
28 39 434041
69 8 159887
3 76 388035
12 18 281365
41 5 217920
18 59 472141
54 43 400446
59 3 118622
59 1 68212
54 44 355131
77 9 481876
66 51 227562
13 29 104498
65 12 88776
6 44 381108
44 14 176477
14 63 142543
65 54 237630
71 19 91193
55 41 187935
75 5 202203
23 29 115360
53 64 287194
1 39 146480
43 10 239382
70 70 199424
80 59 135687
7 54 230109
58 58 51136
71 1 144123
28 6 232058
69 46 169912
53 77 244276
33 59 303534
65 47 119080
25 9 348105
28 49 164703
46 40 95723
2 19 234828
60 62 257879
22 8 375279
63 76 285160
58 27 478823
27 17 185197
43 67 83725
74 32 71393
32 79 483857
23 49 159925
66 22 47581
7 44 25139
71 66 151276
40 31 1121
78 59 398312
47 80 305885
29 9 165804
75 75 422280
18 57 339410
8 6 175170
67 42 37854
20 40 97049
68 55 258041
40 10 457868
61 73 308034
68 45 394911
29 14 476774
9 57 34115
69 34 166499
66 26 404999
27 60 446297
18 64 125425
58 77 133263
27 5 38675
54 16 482088
50 8 91669
49 34 348832
62 19 257949
72 13 111798
79 1 456955
72 63 4757
7 10 85955
20 76 402424
57 78 256703
2 36 390011
41 17 65651
12 53 366503
4 80 227143
23 25 12276
33 73 469365
71 4 262398
62 51 483818
24 33 496765
70 49 461221
78 4 45084
69 21 200320
16 10 418692
68 21 245030
2 62 433770
52 45 352227
77 23 172623
70 14 214665
67 70 308533
51 74 220885
64 64 277350
73 69 36778
55 18 223117
35 62 88478
58 66 161823
72 10 415679
64 50 212794
65 41 261138
45 58 247380
61 2 162673
11 73 163626
8 52 496855
38 51 298020
33 36 315280
78 69 138676
32 62 164456
45 6 396308
41 32 329843
31 22 77674
30 25 239631
9 51 424007
9 42 173046
50 10 322746
70 68 189782
65 32 394766
21 1 454578
57 34 402261
16 2 193986
30 35 448724
57 59 106656
32 60 120525
5 77 250630
53 32 128391
53 66 219013
16 33 407794
68 47 56825
5 65 288654
41 22 425889
20 24 461938
47 25 421590
70 40 189141
77 26 242077
65 50 11719
53 10 437249
48 17 148650
78 38 34839
23 79 244809
33 10 106530
10 79 348466
51 25 182319
13 31 399158
28 26 323717
49 72 72527
44 20 284563
52 39 426471
51 26 115769
52 30 322900
80 78 349480
23 46 263133
53 79 48797
53 53 257200
75 30 351229
8 36 9264
56 5 481833
42 40 403267
17 70 203416
37 76 147333
9 39 299188
11 53 484030
53 9 33021
80 40 226717
62 28 49694
47 9 295555
60 40 362967
71 44 299561
2 4 343455
18 65 365907
27 32 416509
67 17 411963
6 34 421108
49 43 285307
13 74 13796
80 43 355107
5 63 350655
58 80 35273
68 32 54792
23 26 164709
38 59 279790
68 58 410753
20 59 52034
69 32 101679
44 77 180079
35 27 446888
71 40 166705
19 44 140137
68 1 402094
73 62 280779
63 64 194734
26 18 479566
7 29 272824
71 37 169196
9 48 165256
46 59 323166
39 70 349766
43 43 450161
36 52 348202
46 34 325714
29 20 433493
42 75 3154
44 51 82782
21 10 438421
38 20 471143
37 16 100669
53 1 188039
64 46 421217
39 21 411682
35 4 94081
36 10 147901
58 20 198640
19 16 287572
15 21 29420
58 36 202232
51 15 16414
77 76 289561
37 29 426689
34 80 445933
17 80 326864
60 48 389928
75 48 95691
1 24 397507
50 40 87159
6 5 353364
65 27 135042
29 77 481380
29 19 282120
54 23 198675
73 14 338370
35 5 439740
68 37 407418
25 13 36957
68 4 348032
52 9 433154
9 41 439850
47 16 462311
17 47 262184
26 50 465717
44 30 40851
46 33 398311
39 78 191865
50 61 14988
3 55 459111
44 39 439593
75 54 84937
8 59 288641
44 68 219083
73 58 317629
40 30 190586
2 50 126874
41 48 145237
50 14 276253
61 27 446516
67 6 205370
31 72 407941
25 69 112480
14 24 277789
80 33 202096
69 23 338333
70 10 159429
47 76 263661
74 11 476266
77 38 36263
74 41 425094
13 66 2055
59 40 58742
27 71 399090
37 24 182754
19 57 328011
50 37 98709
44 60 264629
12 1 178444
36 25 293498
60 30 234236
47 48 423959
74 73 322142
25 12 341843
52 33 393579
73 13 304057
79 17 440118
69 9 270800
4 26 207441
13 53 387776
46 25 471132
42 19 302223
28 30 57175
6 31 268875
18 45 380776
7 38 323946
38 9 348448
25 40 236680
25 41 281265
73 26 282027
73 44 429885
56 3 411086
5 12 24160
80 32 338278
7 14 356032
57 29 272157
21 37 481035
11 13 434596
32 14 161314
33 51 296836
66 69 437001
40 52 73427
3 58 261384
2 20 339766
44 9 160290
65 61 220557
73 45 286535
46 51 215197
47 51 472697
48 48 186637
58 29 273542
17 76 419983
48 44 183737
18 51 95692
4 6 95210
18 75 21955
30 10 185896
17 34 394334
42 25 226369
72 30 281263
72 64 357095
51 65 102788
50 38 159190
12 70 353399
12 16 450840
46 42 293898
3 75 49052
33 60 451307
64 56 155498
45 46 113771
11 18 108188
73 77 436053
3 3 453270
28 64 229294
76 18 52288
3 27 426991
65 60 419313
70 58 311034
16 28 401928
12 59 64162
75 11 473221
17 1 445788
64 52 457383
23 50 338056
69 52 9922
25 24 17898
10 57 408859
21 46 295302
30 29 32193
16 80 80040
44 12 42939
18 70 48718
10 75 99519
64 17 146562
45 39 490714
2 52 317230
56 35 188165
17 2 288282
36 57 254396
79 78 341741
51 51 432031
73 76 129311
7 20 386731
58 56 180382
35 49 162750
49 26 107
67 29 273656
52 47 475793
51 19 115205
8 8 101068
20 73 85474
77 68 227494
69 24 58227
76 67 247501
55 60 126899
7 67 372159
7 36 435443
16 1 310730
20 60 193506
52 70 361765
61 26 150396
11 33 277879
53 75 276434
70 47 222381
17 54 19866
20 31 141150
50 75 304177
17 35 493443
16 63 192008
1 41 7708
60 17 336139
19 63 312350
5 16 295162
64 32 399347
22 67 309199
76 75 44603
57 68 379587
11 60 207142
54 59 227411
11 78 5471
31 55 335030
23 12 113162
11 71 414612
11 59 424069
19 58 306090
15 63 3256
20 13 90907
48 36 141825
53 8 184416
7 51 261708
7 6 331571
68 11 339680
67 47 421809
80 46 310559
63 13 4552
9 66 156888
45 24 3512
8 57 97389
54 10 495342
52 38 134148
19 6 271284
45 56 94170
54 33 179044
28 50 250273
41 30 186566
59 16 319215
53 16 136002
21 11 27981
45 26 429248
7 12 287136
46 4 34208
31 25 386502
74 10 430060
19 33 177977
53 18 197620
5 51 474002
70 50 187871
62 26 291558
35 9 74559
61 9 156029
56 71 452718
38 72 493711
79 79 138277
8 30 458331
39 61 118446
37 67 217094
66 50 494106
45 60 231072
6 37 425519
17 38 263559
37 15 200138
79 73 12955
77 7 390492
11 4 24264
64 24 313738
26 32 389031
22 14 435383
28 74 441430
39 51 71924
61 64 196325
57 72 283842
42 34 269773
51 67 424428
20 51 361828
39 12 2992
36 54 475578
72 4 345087
62 38 452031
13 75 249963
39 41 410175
20 11 486936
38 68 482565
26 69 350285
38 14 480537
2 14 259870
60 46 225865
18 63 8023
47 58 160749
53 63 67612
2 46 145986
8 4 118950
59 73 269437
26 33 355717
49 30 388581
17 57 91462
39 38 157872
42 76 488045
5 4 436208
34 43 344965
24 40 21324
2 73 48833
64 25 336146
65 69 467044
48 46 174328
14 37 439155
3 29 176059
50 69 130713
71 38 331993
40 7 249012
30 17 109887
68 53 290172
3 80 205746
15 23 166720
80 13 305412
13 19 374001
41 68 444669
75 41 422984
62 72 164086
68 16 21661
66 33 454214
74 12 341980
79 62 222299
48 69 112833
35 41 261534
23 14 158740
75 21 368008
43 60 36675
33 53 99576
54 19 314516
23 10 415256
18 33 148493
51 16 488884
18 62 339915
21 72 494017
28 67 478252
51 59 303666
71 10 346981
20 17 207275
49 68 287200
18 79 481628
10 80 277668
31 8 68650
19 40 125795
42 69 128043
12 35 282423
38 73 404308
23 65 46356
52 59 173975
57 77 413117
67 3 152900
48 12 91278
80 44 269993
11 7 135046
50 47 390621
29 49 486881
23 11 55785
25 7 96317
13 22 67095
80 61 249076
20 45 325198
14 42 298190
80 11 359531
65 35 79385
14 69 219655
77 74 383604
36 31 36495
17 29 300863
28 37 448986
27 36 465205
52 28 311869
44 70 228349
23 53 232995
27 62 412698
24 15 185562
55 57 155965
35 24 434104
59 24 295612
36 36 423129
76 76 460965
43 20 288264
62 43 302635
32 44 310858
44 38 247964
62 62 452747
3 48 129893
5 21 9081
3 73 128145
5 31 170270
52 80 303316
14 64 90499
60 39 497694
32 39 113675
78 30 463621
20 6 206129
7 68 306551
38 15 420207
56 16 381888
27 63 342985
68 22 223931
72 12 98274
63 11 397094
19 49 347474
66 79 444376
77 75 293530
55 33 410129
70 1 56117
42 28 81904
75 56 168982
29 80 407832
25 34 123165
62 13 367856
18 34 3653
37 19 249461
80 35 311138
57 14 368771
8 80 182693
33 38 234620
20 22 310471
47 64 404512
34 40 132959
42 7 242384
41 34 242719
3 37 110605
43 71 486346
20 14 198190
60 21 281303
15 3 418055
77 4 32468
40 62 187271
54 48 331379
15 62 285315
62 61 127675
37 79 143276
22 17 61133
45 78 4409
76 11 382997
8 14 23887
43 1 173947
22 25 476472
2 78 15942
36 34 232166
31 9 334561
80 31 430359
67 57 109823
60 42 58710
41 53 354866
68 61 308787
73 68 82792
73 55 332188
66 27 255046
44 10 276409
52 5 20577
41 41 77217
39 22 300261
29 38 422868
24 24 146537
66 45 298076
70 77 223091
65 40 179888
23 68 217734
28 3 186502
21 59 142336
54 53 330710
6 24 156157
61 14 373297
40 4 30283
65 63 56962
11 2 214039
13 61 476495
19 80 196450
49 62 253782
28 33 399443
63 3 154417
31 17 371934
46 43 96628
5 25 38383
52 44 440680
15 75 482650
67 68 102339
66 42 248570
32 5 427445
61 16 444012
73 67 319704
47 63 497668
47 14 113937
1 19 378770
18 50 22720
7 65 494286
52 41 270686
3 9 314538
37 18 10803
6 77 282540
21 79 388859
61 37 464525
31 23 225210
63 41 385650
8 35 493809
32 25 167420
13 64 492763
78 52 431206
43 76 411436
74 63 352798
49 64 195443
50 27 242833
7 43 86583
35 11 306366
16 70 303781
52 21 48004
57 23 148027
34 79 43621
43 31 110187
21 57 47376
56 18 88454
68 75 365704
4 4 194871
59 66 74755
63 33 74990
18 35 102664
29 78 256639
55 14 380955
48 61 463328
46 10 47770
53 30 240024
66 34 347622
62 54 339126
31 74 438565
5 36 172183
36 51 65374
22 73 191266
37 31 352731
2 2 479419
69 49 55824
67 48 128884
50 59 25534
6 1 472372
45 64 285493
61 45 37074
40 68 319089
43 23 44833
48 22 411283
11 36 323794
53 2 394788
46 32 323938
16 14 262826
3 41 481595
24 79 58004
29 31 321298
49 14 407780
3 42 140393
48 13 323400
19 19 430213
13 45 85592
44 64 37321
2 7 103789
29 71 307443
15 59 148503
46 26 126641
67 14 122031
20 26 482184
64 11 348816
72 73 185881
42 29 54093
73 46 492836
21 58 299882
75 40 366299
17 15 169060
24 54 463881
29 1 165657
51 58 246554
65 53 297186
29 54 421707
16 75 420002
40 12 451889
37 26 184298
9 8 88324
74 29 284916
15 41 235708
38 2 72857
47 71 371369
15 40 88292
5 54 52204
25 70 481007
79 26 168438
11 29 313357
39 15 41454
34 34 110446
36 46 499164
69 44 252930
3 53 181966
19 20 297527
13 43 112263
45 1 356768
55 11 366391
47 73 214245
37 12 22551
13 17 23158
29 16 124583
34 2 398953
77 46 53508
72 11 340509
24 60 202744
61 61 315924
39 42 470210
33 33 325540
13 78 246716
25 43 217485
9 71 367650
69 72 207626
9 18 90711
40 72 229686
50 57 18845
22 10 288380
28 73 403460
15 15 383837
47 3 255707
36 64 249372
80 51 353475
52 66 389704
16 35 358982
4 47 39949
4 17 375676
18 24 471734
76 40 411893
2 18 102688
23 18 41675
23 37 290485
8 33 145626
4 13 170365
10 12 290303
17 43 83975
57 3 360487
80 1 459148
42 62 121314
4 24 284036
37 42 269087
74 61 362676
40 41 263381
28 28 448566
70 28 24147
45 43 368617
72 51 423085
7 66 170530
54 57 390069
18 19 490544
26 43 358562
33 62 286946
70 46 290190
48 59 54371
10 77 224714
63 17 111908
71 55 169451
68 25 351261
29 46 17733
73 9 349076
31 19 88858
35 71 15501
26 34 435146
67 31 465377
74 64 234262
11 16 494231
14 35 300164
31 15 376752
57 52 354333
41 70 35148
7 49 494065
61 54 170450
56 4 53340
61 30 472793
71 73 29840
33 76 222369
9 37 330720
29 24 12564
21 55 3129
15 27 72235
26 48 209057
8 64 107898
22 63 198991
43 58 97528
75 33 460952
65 22 488148
4 62 416394
76 50 392201
39 25 349055
49 48 204085
9 60 153526
21 56 259902
13 67 297008
61 76 41312
27 46 141434
71 49 86808
77 42 216352
19 3 494054
38 24 209541
70 57 3916
13 6 110693
27 7 382824
65 11 98680
30 66 447744
37 73 327091
24 51 215992
23 4 20876
39 56 425778
52 79 59953
80 37 254963
37 39 201527
15 61 174882
59 2 64216
3 46 199718
29 40 21624
57 44 172495
27 34 32359
47 22 265526
15 53 340589
41 62 357207
66 54 57130
41 57 32445
74 68 402642
2 80 368621
16 74 356337
40 13 381561
50 20 211721
36 14 485082
77 33 166662
40 17 349809
22 70 198571
64 77 339539
15 2 46558
22 19 8342
43 40 49185
75 14 199988
80 28 445797
53 69 460753
18 20 48754
36 73 383727
23 39 77351
68 66 408870
1 36 431196
24 72 177368
23 20 50943
35 57 347744
45 77 450843
36 6 381826
73 10 232861
1 23 332217
6 10 131559
