100 4950
1 2 1
1 3 1
1 4 1
1 5 1
1 6 1
1 7 1
1 8 1
1 9 1
1 10 1
1 11 1
1 12 1
1 13 1
1 14 1
1 15 1
1 16 1
1 17 1
1 18 1
1 19 1
1 20 1
1 21 1
1 22 1
1 23 1
1 24 1
1 25 1
1 26 1
1 27 1
1 28 1
1 29 1
1 30 1
1 31 1
1 32 1
1 33 1
1 34 1
1 35 1
1 36 1
1 37 1
1 38 1
1 39 1
1 40 1
1 41 1
1 42 1
1 43 1
1 44 1
1 45 1
1 46 1
1 47 1
1 48 1
1 49 1
1 50 1
1 51 1
1 52 1
1 53 1
1 54 1
1 55 1
1 56 1
1 57 1
1 58 1
1 59 1
1 60 1
1 61 1
1 62 1
1 63 1
1 64 1
1 65 1
1 66 1
1 67 1
1 68 1
1 69 1
1 70 1
1 71 1
1 72 1
1 73 1
1 74 1
1 75 1
1 76 1
1 77 1
1 78 1
1 79 1
1 80 1
1 81 1
1 82 1
1 83 1
1 84 1
1 85 1
1 86 1
1 87 1
1 88 1
1 89 1
1 90 1
1 91 1
1 92 1
1 93 1
1 94 1
1 95 1
1 96 1
1 97 1
1 98 1
1 99 1
1 100 1000000
2 3 2
2 4 2
2 5 2
2 6 2
2 7 2
2 8 2
2 9 2
2 10 2
2 11 2
2 12 2
2 13 2
2 14 2
2 15 2
2 16 2
2 17 2
2 18 2
2 19 2
2 20 2
2 21 2
2 22 2
2 23 2
2 24 2
2 25 2
2 26 2
2 27 2
2 28 2
2 29 2
2 30 2
2 31 2
2 32 2
2 33 2
2 34 2
2 35 2
2 36 2
2 37 2
2 38 2
2 39 2
2 40 2
2 41 2
2 42 2
2 43 2
2 44 2
2 45 2
2 46 2
2 47 2
2 48 2
2 49 2
2 50 2
2 51 2
2 52 2
2 53 2
2 54 2
2 55 2
2 56 2
2 57 2
2 58 2
2 59 2
2 60 2
2 61 2
2 62 2
2 63 2
2 64 2
2 65 2
2 66 2
2 67 2
2 68 2
2 69 2
2 70 2
2 71 2
2 72 2
2 73 2
2 74 2
2 75 2
2 76 2
2 77 2
2 78 2
2 79 2
2 80 2
2 81 2
2 82 2
2 83 2
2 84 2
2 85 2
2 86 2
2 87 2
2 88 2
2 89 2
2 90 2
2 91 2
2 92 2
2 93 2
2 94 2
2 95 2
2 96 2
2 97 2
2 98 2
2 99 2
2 100 1000000
3 4 3
3 5 3
3 6 3
3 7 3
3 8 3
3 9 3
3 10 3
3 11 3
3 12 3
3 13 3
3 14 3
3 15 3
3 16 3
3 17 3
3 18 3
3 19 3
3 20 3
3 21 3
3 22 3
3 23 3
3 24 3
3 25 3
3 26 3
3 27 3
3 28 3
3 29 3
3 30 3
3 31 3
3 32 3
3 33 3
3 34 3
3 35 3
3 36 3
3 37 3
3 38 3
3 39 3
3 40 3
3 41 3
3 42 3
3 43 3
3 44 3
3 45 3
3 46 3
3 47 3
3 48 3
3 49 3
3 50 3
3 51 3
3 52 3
3 53 3
3 54 3
3 55 3
3 56 3
3 57 3
3 58 3
3 59 3
3 60 3
3 61 3
3 62 3
3 63 3
3 64 3
3 65 3
3 66 3
3 67 3
3 68 3
3 69 3
3 70 3
3 71 3
3 72 3
3 73 3
3 74 3
3 75 3
3 76 3
3 77 3
3 78 3
3 79 3
3 80 3
3 81 3
3 82 3
3 83 3
3 84 3
3 85 3
3 86 3
3 87 3
3 88 3
3 89 3
3 90 3
3 91 3
3 92 3
3 93 3
3 94 3
3 95 3
3 96 3
3 97 3
3 98 3
3 99 3
3 100 1000000
4 5 4
4 6 4
4 7 4
4 8 4
4 9 4
4 10 4
4 11 4
4 12 4
4 13 4
4 14 4
4 15 4
4 16 4
4 17 4
4 18 4
4 19 4
4 20 4
4 21 4
4 22 4
4 23 4
4 24 4
4 25 4
4 26 4
4 27 4
4 28 4
4 29 4
4 30 4
4 31 4
4 32 4
4 33 4
4 34 4
4 35 4
4 36 4
4 37 4
4 38 4
4 39 4
4 40 4
4 41 4
4 42 4
4 43 4
4 44 4
4 45 4
4 46 4
4 47 4
4 48 4
4 49 4
4 50 4
4 51 4
4 52 4
4 53 4
4 54 4
4 55 4
4 56 4
4 57 4
4 58 4
4 59 4
4 60 4
4 61 4
4 62 4
4 63 4
4 64 4
4 65 4
4 66 4
4 67 4
4 68 4
4 69 4
4 70 4
4 71 4
4 72 4
4 73 4
4 74 4
4 75 4
4 76 4
4 77 4
4 78 4
4 79 4
4 80 4
4 81 4
4 82 4
4 83 4
4 84 4
4 85 4
4 86 4
4 87 4
4 88 4
4 89 4
4 90 4
4 91 4
4 92 4
4 93 4
4 94 4
4 95 4
4 96 4
4 97 4
4 98 4
4 99 4
4 100 1000000
5 6 5
5 7 5
5 8 5
5 9 5
5 10 5
5 11 5
5 12 5
5 13 5
5 14 5
5 15 5
5 16 5
5 17 5
5 18 5
5 19 5
5 20 5
5 21 5
5 22 5
5 23 5
5 24 5
5 25 5
5 26 5
5 27 5
5 28 5
5 29 5
5 30 5
5 31 5
5 32 5
5 33 5
5 34 5
5 35 5
5 36 5
5 37 5
5 38 5
5 39 5
5 40 5
5 41 5
5 42 5
5 43 5
5 44 5
5 45 5
5 46 5
5 47 5
5 48 5
5 49 5
5 50 5
5 51 5
5 52 5
5 53 5
5 54 5
5 55 5
5 56 5
5 57 5
5 58 5
5 59 5
5 60 5
5 61 5
5 62 5
5 63 5
5 64 5
5 65 5
5 66 5
5 67 5
5 68 5
5 69 5
5 70 5
5 71 5
5 72 5
5 73 5
5 74 5
5 75 5
5 76 5
5 77 5
5 78 5
5 79 5
5 80 5
5 81 5
5 82 5
5 83 5
5 84 5
5 85 5
5 86 5
5 87 5
5 88 5
5 89 5
5 90 5
5 91 5
5 92 5
5 93 5
5 94 5
5 95 5
5 96 5
5 97 5
5 98 5
5 99 5
5 100 1000000
6 7 6
6 8 6
6 9 6
6 10 6
6 11 6
6 12 6
6 13 6
6 14 6
6 15 6
6 16 6
6 17 6
6 18 6
6 19 6
6 20 6
6 21 6
6 22 6
6 23 6
6 24 6
6 25 6
6 26 6
6 27 6
6 28 6
6 29 6
6 30 6
6 31 6
6 32 6
6 33 6
6 34 6
6 35 6
6 36 6
6 37 6
6 38 6
6 39 6
6 40 6
6 41 6
6 42 6
6 43 6
6 44 6
6 45 6
6 46 6
6 47 6
6 48 6
6 49 6
6 50 6
6 51 6
6 52 6
6 53 6
6 54 6
6 55 6
6 56 6
6 57 6
6 58 6
6 59 6
6 60 6
6 61 6
6 62 6
6 63 6
6 64 6
6 65 6
6 66 6
6 67 6
6 68 6
6 69 6
6 70 6
6 71 6
6 72 6
6 73 6
6 74 6
6 75 6
6 76 6
6 77 6
6 78 6
6 79 6
6 80 6
6 81 6
6 82 6
6 83 6
6 84 6
6 85 6
6 86 6
6 87 6
6 88 6
6 89 6
6 90 6
6 91 6
6 92 6
6 93 6
6 94 6
6 95 6
6 96 6
6 97 6
6 98 6
6 99 6
6 100 1000000
7 8 7
7 9 7
7 10 7
7 11 7
7 12 7
7 13 7
7 14 7
7 15 7
7 16 7
7 17 7
7 18 7
7 19 7
7 20 7
7 21 7
7 22 7
7 23 7
7 24 7
7 25 7
7 26 7
7 27 7
7 28 7
7 29 7
7 30 7
7 31 7
7 32 7
7 33 7
7 34 7
7 35 7
7 36 7
7 37 7
7 38 7
7 39 7
7 40 7
7 41 7
7 42 7
7 43 7
7 44 7
7 45 7
7 46 7
7 47 7
7 48 7
7 49 7
7 50 7
7 51 7
7 52 7
7 53 7
7 54 7
7 55 7
7 56 7
7 57 7
7 58 7
7 59 7
7 60 7
7 61 7
7 62 7
7 63 7
7 64 7
7 65 7
7 66 7
7 67 7
7 68 7
7 69 7
7 70 7
7 71 7
7 72 7
7 73 7
7 74 7
7 75 7
7 76 7
7 77 7
7 78 7
7 79 7
7 80 7
7 81 7
7 82 7
7 83 7
7 84 7
7 85 7
7 86 7
7 87 7
7 88 7
7 89 7
7 90 7
7 91 7
7 92 7
7 93 7
7 94 7
7 95 7
7 96 7
7 97 7
7 98 7
7 99 7
7 100 1000000
8 9 8
8 10 8
8 11 8
8 12 8
8 13 8
8 14 8
8 15 8
8 16 8
8 17 8
8 18 8
8 19 8
8 20 8
8 21 8
8 22 8
8 23 8
8 24 8
8 25 8
8 26 8
8 27 8
8 28 8
8 29 8
8 30 8
8 31 8
8 32 8
8 33 8
8 34 8
8 35 8
8 36 8
8 37 8
8 38 8
8 39 8
8 40 8
8 41 8
8 42 8
8 43 8
8 44 8
8 45 8
8 46 8
8 47 8
8 48 8
8 49 8
8 50 8
8 51 8
8 52 8
8 53 8
8 54 8
8 55 8
8 56 8
8 57 8
8 58 8
8 59 8
8 60 8
8 61 8
8 62 8
8 63 8
8 64 8
8 65 8
8 66 8
8 67 8
8 68 8
8 69 8
8 70 8
8 71 8
8 72 8
8 73 8
8 74 8
8 75 8
8 76 8
8 77 8
8 78 8
8 79 8
8 80 8
8 81 8
8 82 8
8 83 8
8 84 8
8 85 8
8 86 8
8 87 8
8 88 8
8 89 8
8 90 8
8 91 8
8 92 8
8 93 8
8 94 8
8 95 8
8 96 8
8 97 8
8 98 8
8 99 8
8 100 1000000
9 10 9
9 11 9
9 12 9
9 13 9
9 14 9
9 15 9
9 16 9
9 17 9
9 18 9
9 19 9
9 20 9
9 21 9
9 22 9
9 23 9
9 24 9
9 25 9
9 26 9
9 27 9
9 28 9
9 29 9
9 30 9
9 31 9
9 32 9
9 33 9
9 34 9
9 35 9
9 36 9
9 37 9
9 38 9
9 39 9
9 40 9
9 41 9
9 42 9
9 43 9
9 44 9
9 45 9
9 46 9
9 47 9
9 48 9
9 49 9
9 50 9
9 51 9
9 52 9
9 53 9
9 54 9
9 55 9
9 56 9
9 57 9
9 58 9
9 59 9
9 60 9
9 61 9
9 62 9
9 63 9
9 64 9
9 65 9
9 66 9
9 67 9
9 68 9
9 69 9
9 70 9
9 71 9
9 72 9
9 73 9
9 74 9
9 75 9
9 76 9
9 77 9
9 78 9
9 79 9
9 80 9
9 81 9
9 82 9
9 83 9
9 84 9
9 85 9
9 86 9
9 87 9
9 88 9
9 89 9
9 90 9
9 91 9
9 92 9
9 93 9
9 94 9
9 95 9
9 96 9
9 97 9
9 98 9
9 99 9
9 100 1000000
10 11 10
10 12 10
10 13 10
10 14 10
10 15 10
10 16 10
10 17 10
10 18 10
10 19 10
10 20 10
10 21 10
10 22 10
10 23 10
10 24 10
10 25 10
10 26 10
10 27 10
10 28 10
10 29 10
10 30 10
10 31 10
10 32 10
10 33 10
10 34 10
10 35 10
10 36 10
10 37 10
10 38 10
10 39 10
10 40 10
10 41 10
10 42 10
10 43 10
10 44 10
10 45 10
10 46 10
10 47 10
10 48 10
10 49 10
10 50 10
10 51 10
10 52 10
10 53 10
10 54 10
10 55 10
10 56 10
10 57 10
10 58 10
10 59 10
10 60 10
10 61 10
10 62 10
10 63 10
10 64 10
10 65 10
10 66 10
10 67 10
10 68 10
10 69 10
10 70 10
10 71 10
10 72 10
10 73 10
10 74 10
10 75 10
10 76 10
10 77 10
10 78 10
10 79 10
10 80 10
10 81 10
10 82 10
10 83 10
10 84 10
10 85 10
10 86 10
10 87 10
10 88 10
10 89 10
10 90 10
10 91 10
10 92 10
10 93 10
10 94 10
10 95 10
10 96 10
10 97 10
10 98 10
10 99 10
10 100 1000000
11 12 11
11 13 11
11 14 11
11 15 11
11 16 11
11 17 11
11 18 11
11 19 11
11 20 11
11 21 11
11 22 11
11 23 11
11 24 11
11 25 11
11 26 11
11 27 11
11 28 11
11 29 11
11 30 11
11 31 11
11 32 11
11 33 11
11 34 11
11 35 11
11 36 11
11 37 11
11 38 11
11 39 11
11 40 11
11 41 11
11 42 11
11 43 11
11 44 11
11 45 11
11 46 11
11 47 11
11 48 11
11 49 11
11 50 11
11 51 11
11 52 11
11 53 11
11 54 11
11 55 11
11 56 11
11 57 11
11 58 11
11 59 11
11 60 11
11 61 11
11 62 11
11 63 11
11 64 11
11 65 11
11 66 11
11 67 11
11 68 11
11 69 11
11 70 11
11 71 11
11 72 11
11 73 11
11 74 11
11 75 11
11 76 11
11 77 11
11 78 11
11 79 11
11 80 11
11 81 11
11 82 11
11 83 11
11 84 11
11 85 11
11 86 11
11 87 11
11 88 11
11 89 11
11 90 11
11 91 11
11 92 11
11 93 11
11 94 11
11 95 11
11 96 11
11 97 11
11 98 11
11 99 11
11 100 1000000
12 13 12
12 14 12
12 15 12
12 16 12
12 17 12
12 18 12
12 19 12
12 20 12
12 21 12
12 22 12
12 23 12
12 24 12
12 25 12
12 26 12
12 27 12
12 28 12
12 29 12
12 30 12
12 31 12
12 32 12
12 33 12
12 34 12
12 35 12
12 36 12
12 37 12
12 38 12
12 39 12
12 40 12
12 41 12
12 42 12
12 43 12
12 44 12
12 45 12
12 46 12
12 47 12
12 48 12
12 49 12
12 50 12
12 51 12
12 52 12
12 53 12
12 54 12
12 55 12
12 56 12
12 57 12
12 58 12
12 59 12
12 60 12
12 61 12
12 62 12
12 63 12
12 64 12
12 65 12
12 66 12
12 67 12
12 68 12
12 69 12
12 70 12
12 71 12
12 72 12
12 73 12
12 74 12
12 75 12
12 76 12
12 77 12
12 78 12
12 79 12
12 80 12
12 81 12
12 82 12
12 83 12
12 84 12
12 85 12
12 86 12
12 87 12
12 88 12
12 89 12
12 90 12
12 91 12
12 92 12
12 93 12
12 94 12
12 95 12
12 96 12
12 97 12
12 98 12
12 99 12
12 100 1000000
13 14 13
13 15 13
13 16 13
13 17 13
13 18 13
13 19 13
13 20 13
13 21 13
13 22 13
13 23 13
13 24 13
13 25 13
13 26 13
13 27 13
13 28 13
13 29 13
13 30 13
13 31 13
13 32 13
13 33 13
13 34 13
13 35 13
13 36 13
13 37 13
13 38 13
13 39 13
13 40 13
13 41 13
13 42 13
13 43 13
13 44 13
13 45 13
13 46 13
13 47 13
13 48 13
13 49 13
13 50 13
13 51 13
13 52 13
13 53 13
13 54 13
13 55 13
13 56 13
13 57 13
13 58 13
13 59 13
13 60 13
13 61 13
13 62 13
13 63 13
13 64 13
13 65 13
13 66 13
13 67 13
13 68 13
13 69 13
13 70 13
13 71 13
13 72 13
13 73 13
13 74 13
13 75 13
13 76 13
13 77 13
13 78 13
13 79 13
13 80 13
13 81 13
13 82 13
13 83 13
13 84 13
13 85 13
13 86 13
13 87 13
13 88 13
13 89 13
13 90 13
13 91 13
13 92 13
13 93 13
13 94 13
13 95 13
13 96 13
13 97 13
13 98 13
13 99 13
13 100 1000000
14 15 14
14 16 14
14 17 14
14 18 14
14 19 14
14 20 14
14 21 14
14 22 14
14 23 14
14 24 14
14 25 14
14 26 14
14 27 14
14 28 14
14 29 14
14 30 14
14 31 14
14 32 14
14 33 14
14 34 14
14 35 14
14 36 14
14 37 14
14 38 14
14 39 14
14 40 14
14 41 14
14 42 14
14 43 14
14 44 14
14 45 14
14 46 14
14 47 14
14 48 14
14 49 14
14 50 14
14 51 14
14 52 14
14 53 14
14 54 14
14 55 14
14 56 14
14 57 14
14 58 14
14 59 14
14 60 14
14 61 14
14 62 14
14 63 14
14 64 14
14 65 14
14 66 14
14 67 14
14 68 14
14 69 14
14 70 14
14 71 14
14 72 14
14 73 14
14 74 14
14 75 14
14 76 14
14 77 14
14 78 14
14 79 14
14 80 14
14 81 14
14 82 14
14 83 14
14 84 14
14 85 14
14 86 14
14 87 14
14 88 14
14 89 14
14 90 14
14 91 14
14 92 14
14 93 14
14 94 14
14 95 14
14 96 14
14 97 14
14 98 14
14 99 14
14 100 1000000
15 16 15
15 17 15
15 18 15
15 19 15
15 20 15
15 21 15
15 22 15
15 23 15
15 24 15
15 25 15
15 26 15
15 27 15
15 28 15
15 29 15
15 30 15
15 31 15
15 32 15
15 33 15
15 34 15
15 35 15
15 36 15
15 37 15
15 38 15
15 39 15
15 40 15
15 41 15
15 42 15
15 43 15
15 44 15
15 45 15
15 46 15
15 47 15
15 48 15
15 49 15
15 50 15
15 51 15
15 52 15
15 53 15
15 54 15
15 55 15
15 56 15
15 57 15
15 58 15
15 59 15
15 60 15
15 61 15
15 62 15
15 63 15
15 64 15
15 65 15
15 66 15
15 67 15
15 68 15
15 69 15
15 70 15
15 71 15
15 72 15
15 73 15
15 74 15
15 75 15
15 76 15
15 77 15
15 78 15
15 79 15
15 80 15
15 81 15
15 82 15
15 83 15
15 84 15
15 85 15
15 86 15
15 87 15
15 88 15
15 89 15
15 90 15
15 91 15
15 92 15
15 93 15
15 94 15
15 95 15
15 96 15
15 97 15
15 98 15
15 99 15
15 100 1000000
16 17 16
16 18 16
16 19 16
16 20 16
16 21 16
16 22 16
16 23 16
16 24 16
16 25 16
16 26 16
16 27 16
16 28 16
16 29 16
16 30 16
16 31 16
16 32 16
16 33 16
16 34 16
16 35 16
16 36 16
16 37 16
16 38 16
16 39 16
16 40 16
16 41 16
16 42 16
16 43 16
16 44 16
16 45 16
16 46 16
16 47 16
16 48 16
16 49 16
16 50 16
16 51 16
16 52 16
16 53 16
16 54 16
16 55 16
16 56 16
16 57 16
16 58 16
16 59 16
16 60 16
16 61 16
16 62 16
16 63 16
16 64 16
16 65 16
16 66 16
16 67 16
16 68 16
16 69 16
16 70 16
16 71 16
16 72 16
16 73 16
16 74 16
16 75 16
16 76 16
16 77 16
16 78 16
16 79 16
16 80 16
16 81 16
16 82 16
16 83 16
16 84 16
16 85 16
16 86 16
16 87 16
16 88 16
16 89 16
16 90 16
16 91 16
16 92 16
16 93 16
16 94 16
16 95 16
16 96 16
16 97 16
16 98 16
16 99 16
16 100 1000000
17 18 17
17 19 17
17 20 17
17 21 17
17 22 17
17 23 17
17 24 17
17 25 17
17 26 17
17 27 17
17 28 17
17 29 17
17 30 17
17 31 17
17 32 17
17 33 17
17 34 17
17 35 17
17 36 17
17 37 17
17 38 17
17 39 17
17 40 17
17 41 17
17 42 17
17 43 17
17 44 17
17 45 17
17 46 17
17 47 17
17 48 17
17 49 17
17 50 17
17 51 17
17 52 17
17 53 17
17 54 17
17 55 17
17 56 17
17 57 17
17 58 17
17 59 17
17 60 17
17 61 17
17 62 17
17 63 17
17 64 17
17 65 17
17 66 17
17 67 17
17 68 17
17 69 17
17 70 17
17 71 17
17 72 17
17 73 17
17 74 17
17 75 17
17 76 17
17 77 17
17 78 17
17 79 17
17 80 17
17 81 17
17 82 17
17 83 17
17 84 17
17 85 17
17 86 17
17 87 17
17 88 17
17 89 17
17 90 17
17 91 17
17 92 17
17 93 17
17 94 17
17 95 17
17 96 17
17 97 17
17 98 17
17 99 17
17 100 1000000
18 19 18
18 20 18
18 21 18
18 22 18
18 23 18
18 24 18
18 25 18
18 26 18
18 27 18
18 28 18
18 29 18
18 30 18
18 31 18
18 32 18
18 33 18
18 34 18
18 35 18
18 36 18
18 37 18
18 38 18
18 39 18
18 40 18
18 41 18
18 42 18
18 43 18
18 44 18
18 45 18
18 46 18
18 47 18
18 48 18
18 49 18
18 50 18
18 51 18
18 52 18
18 53 18
18 54 18
18 55 18
18 56 18
18 57 18
18 58 18
18 59 18
18 60 18
18 61 18
18 62 18
18 63 18
18 64 18
18 65 18
18 66 18
18 67 18
18 68 18
18 69 18
18 70 18
18 71 18
18 72 18
18 73 18
18 74 18
18 75 18
18 76 18
18 77 18
18 78 18
18 79 18
18 80 18
18 81 18
18 82 18
18 83 18
18 84 18
18 85 18
18 86 18
18 87 18
18 88 18
18 89 18
18 90 18
18 91 18
18 92 18
18 93 18
18 94 18
18 95 18
18 96 18
18 97 18
18 98 18
18 99 18
18 100 1000000
19 20 19
19 21 19
19 22 19
19 23 19
19 24 19
19 25 19
19 26 19
19 27 19
19 28 19
19 29 19
19 30 19
19 31 19
19 32 19
19 33 19
19 34 19
19 35 19
19 36 19
19 37 19
19 38 19
19 39 19
19 40 19
19 41 19
19 42 19
19 43 19
19 44 19
19 45 19
19 46 19
19 47 19
19 48 19
19 49 19
19 50 19
19 51 19
19 52 19
19 53 19
19 54 19
19 55 19
19 56 19
19 57 19
19 58 19
19 59 19
19 60 19
19 61 19
19 62 19
19 63 19
19 64 19
19 65 19
19 66 19
19 67 19
19 68 19
19 69 19
19 70 19
19 71 19
19 72 19
19 73 19
19 74 19
19 75 19
19 76 19
19 77 19
19 78 19
19 79 19
19 80 19
19 81 19
19 82 19
19 83 19
19 84 19
19 85 19
19 86 19
19 87 19
19 88 19
19 89 19
19 90 19
19 91 19
19 92 19
19 93 19
19 94 19
19 95 19
19 96 19
19 97 19
19 98 19
19 99 19
19 100 1000000
20 21 20
20 22 20
20 23 20
20 24 20
20 25 20
20 26 20
20 27 20
20 28 20
20 29 20
20 30 20
20 31 20
20 32 20
20 33 20
20 34 20
20 35 20
20 36 20
20 37 20
20 38 20
20 39 20
20 40 20
20 41 20
20 42 20
20 43 20
20 44 20
20 45 20
20 46 20
20 47 20
20 48 20
20 49 20
20 50 20
20 51 20
20 52 20
20 53 20
20 54 20
20 55 20
20 56 20
20 57 20
20 58 20
20 59 20
20 60 20
20 61 20
20 62 20
20 63 20
20 64 20
20 65 20
20 66 20
20 67 20
20 68 20
20 69 20
20 70 20
20 71 20
20 72 20
20 73 20
20 74 20
20 75 20
20 76 20
20 77 20
20 78 20
20 79 20
20 80 20
20 81 20
20 82 20
20 83 20
20 84 20
20 85 20
20 86 20
20 87 20
20 88 20
20 89 20
20 90 20
20 91 20
20 92 20
20 93 20
20 94 20
20 95 20
20 96 20
20 97 20
20 98 20
20 99 20
20 100 1000000
21 22 21
21 23 21
21 24 21
21 25 21
21 26 21
21 27 21
21 28 21
21 29 21
21 30 21
21 31 21
21 32 21
21 33 21
21 34 21
21 35 21
21 36 21
21 37 21
21 38 21
21 39 21
21 40 21
21 41 21
21 42 21
21 43 21
21 44 21
21 45 21
21 46 21
21 47 21
21 48 21
21 49 21
21 50 21
21 51 21
21 52 21
21 53 21
21 54 21
21 55 21
21 56 21
21 57 21
21 58 21
21 59 21
21 60 21
21 61 21
21 62 21
21 63 21
21 64 21
21 65 21
21 66 21
21 67 21
21 68 21
21 69 21
21 70 21
21 71 21
21 72 21
21 73 21
21 74 21
21 75 21
21 76 21
21 77 21
21 78 21
21 79 21
21 80 21
21 81 21
21 82 21
21 83 21
21 84 21
21 85 21
21 86 21
21 87 21
21 88 21
21 89 21
21 90 21
21 91 21
21 92 21
21 93 21
21 94 21
21 95 21
21 96 21
21 97 21
21 98 21
21 99 21
21 100 1000000
22 23 22
22 24 22
22 25 22
22 26 22
22 27 22
22 28 22
22 29 22
22 30 22
22 31 22
22 32 22
22 33 22
22 34 22
22 35 22
22 36 22
22 37 22
22 38 22
22 39 22
22 40 22
22 41 22
22 42 22
22 43 22
22 44 22
22 45 22
22 46 22
22 47 22
22 48 22
22 49 22
22 50 22
22 51 22
22 52 22
22 53 22
22 54 22
22 55 22
22 56 22
22 57 22
22 58 22
22 59 22
22 60 22
22 61 22
22 62 22
22 63 22
22 64 22
22 65 22
22 66 22
22 67 22
22 68 22
22 69 22
22 70 22
22 71 22
22 72 22
22 73 22
22 74 22
22 75 22
22 76 22
22 77 22
22 78 22
22 79 22
22 80 22
22 81 22
22 82 22
22 83 22
22 84 22
22 85 22
22 86 22
22 87 22
22 88 22
22 89 22
22 90 22
22 91 22
22 92 22
22 93 22
22 94 22
22 95 22
22 96 22
22 97 22
22 98 22
22 99 22
22 100 1000000
23 24 23
23 25 23
23 26 23
23 27 23
23 28 23
23 29 23
23 30 23
23 31 23
23 32 23
23 33 23
23 34 23
23 35 23
23 36 23
23 37 23
23 38 23
23 39 23
23 40 23
23 41 23
23 42 23
23 43 23
23 44 23
23 45 23
23 46 23
23 47 23
23 48 23
23 49 23
23 50 23
23 51 23
23 52 23
23 53 23
23 54 23
23 55 23
23 56 23
23 57 23
23 58 23
23 59 23
23 60 23
23 61 23
23 62 23
23 63 23
23 64 23
23 65 23
23 66 23
23 67 23
23 68 23
23 69 23
23 70 23
23 71 23
23 72 23
23 73 23
23 74 23
23 75 23
23 76 23
23 77 23
23 78 23
23 79 23
23 80 23
23 81 23
23 82 23
23 83 23
23 84 23
23 85 23
23 86 23
23 87 23
23 88 23
23 89 23
23 90 23
23 91 23
23 92 23
23 93 23
23 94 23
23 95 23
23 96 23
23 97 23
23 98 23
23 99 23
23 100 1000000
24 25 24
24 26 24
24 27 24
24 28 24
24 29 24
24 30 24
24 31 24
24 32 24
24 33 24
24 34 24
24 35 24
24 36 24
24 37 24
24 38 24
24 39 24
24 40 24
24 41 24
24 42 24
24 43 24
24 44 24
24 45 24
24 46 24
24 47 24
24 48 24
24 49 24
24 50 24
24 51 24
24 52 24
24 53 24
24 54 24
24 55 24
24 56 24
24 57 24
24 58 24
24 59 24
24 60 24
24 61 24
24 62 24
24 63 24
24 64 24
24 65 24
24 66 24
24 67 24
24 68 24
24 69 24
24 70 24
24 71 24
24 72 24
24 73 24
24 74 24
24 75 24
24 76 24
24 77 24
24 78 24
24 79 24
24 80 24
24 81 24
24 82 24
24 83 24
24 84 24
24 85 24
24 86 24
24 87 24
24 88 24
24 89 24
24 90 24
24 91 24
24 92 24
24 93 24
24 94 24
24 95 24
24 96 24
24 97 24
24 98 24
24 99 24
24 100 1000000
25 26 25
25 27 25
25 28 25
25 29 25
25 30 25
25 31 25
25 32 25
25 33 25
25 34 25
25 35 25
25 36 25
25 37 25
25 38 25
25 39 25
25 40 25
25 41 25
25 42 25
25 43 25
25 44 25
25 45 25
25 46 25
25 47 25
25 48 25
25 49 25
25 50 25
25 51 25
25 52 25
25 53 25
25 54 25
25 55 25
25 56 25
25 57 25
25 58 25
25 59 25
25 60 25
25 61 25
25 62 25
25 63 25
25 64 25
25 65 25
25 66 25
25 67 25
25 68 25
25 69 25
25 70 25
25 71 25
25 72 25
25 73 25
25 74 25
25 75 25
25 76 25
25 77 25
25 78 25
25 79 25
25 80 25
25 81 25
25 82 25
25 83 25
25 84 25
25 85 25
25 86 25
25 87 25
25 88 25
25 89 25
25 90 25
25 91 25
25 92 25
25 93 25
25 94 25
25 95 25
25 96 25
25 97 25
25 98 25
25 99 25
25 100 1000000
26 27 26
26 28 26
26 29 26
26 30 26
26 31 26
26 32 26
26 33 26
26 34 26
26 35 26
26 36 26
26 37 26
26 38 26
26 39 26
26 40 26
26 41 26
26 42 26
26 43 26
26 44 26
26 45 26
26 46 26
26 47 26
26 48 26
26 49 26
26 50 26
26 51 26
26 52 26
26 53 26
26 54 26
26 55 26
26 56 26
26 57 26
26 58 26
26 59 26
26 60 26
26 61 26
26 62 26
26 63 26
26 64 26
26 65 26
26 66 26
26 67 26
26 68 26
26 69 26
26 70 26
26 71 26
26 72 26
26 73 26
26 74 26
26 75 26
26 76 26
26 77 26
26 78 26
26 79 26
26 80 26
26 81 26
26 82 26
26 83 26
26 84 26
26 85 26
26 86 26
26 87 26
26 88 26
26 89 26
26 90 26
26 91 26
26 92 26
26 93 26
26 94 26
26 95 26
26 96 26
26 97 26
26 98 26
26 99 26
26 100 1000000
27 28 27
27 29 27
27 30 27
27 31 27
27 32 27
27 33 27
27 34 27
27 35 27
27 36 27
27 37 27
27 38 27
27 39 27
27 40 27
27 41 27
27 42 27
27 43 27
27 44 27
27 45 27
27 46 27
27 47 27
27 48 27
27 49 27
27 50 27
27 51 27
27 52 27
27 53 27
27 54 27
27 55 27
27 56 27
27 57 27
27 58 27
27 59 27
27 60 27
27 61 27
27 62 27
27 63 27
27 64 27
27 65 27
27 66 27
27 67 27
27 68 27
27 69 27
27 70 27
27 71 27
27 72 27
27 73 27
27 74 27
27 75 27
27 76 27
27 77 27
27 78 27
27 79 27
27 80 27
27 81 27
27 82 27
27 83 27
27 84 27
27 85 27
27 86 27
27 87 27
27 88 27
27 89 27
27 90 27
27 91 27
27 92 27
27 93 27
27 94 27
27 95 27
27 96 27
27 97 27
27 98 27
27 99 27
27 100 1000000
28 29 28
28 30 28
28 31 28
28 32 28
28 33 28
28 34 28
28 35 28
28 36 28
28 37 28
28 38 28
28 39 28
28 40 28
28 41 28
28 42 28
28 43 28
28 44 28
28 45 28
28 46 28
28 47 28
28 48 28
28 49 28
28 50 28
28 51 28
28 52 28
28 53 28
28 54 28
28 55 28
28 56 28
28 57 28
28 58 28
28 59 28
28 60 28
28 61 28
28 62 28
28 63 28
28 64 28
28 65 28
28 66 28
28 67 28
28 68 28
28 69 28
28 70 28
28 71 28
28 72 28
28 73 28
28 74 28
28 75 28
28 76 28
28 77 28
28 78 28
28 79 28
28 80 28
28 81 28
28 82 28
28 83 28
28 84 28
28 85 28
28 86 28
28 87 28
28 88 28
28 89 28
28 90 28
28 91 28
28 92 28
28 93 28
28 94 28
28 95 28
28 96 28
28 97 28
28 98 28
28 99 28
28 100 1000000
29 30 29
29 31 29
29 32 29
29 33 29
29 34 29
29 35 29
29 36 29
29 37 29
29 38 29
29 39 29
29 40 29
29 41 29
29 42 29
29 43 29
29 44 29
29 45 29
29 46 29
29 47 29
29 48 29
29 49 29
29 50 29
29 51 29
29 52 29
29 53 29
29 54 29
29 55 29
29 56 29
29 57 29
29 58 29
29 59 29
29 60 29
29 61 29
29 62 29
29 63 29
29 64 29
29 65 29
29 66 29
29 67 29
29 68 29
29 69 29
29 70 29
29 71 29
29 72 29
29 73 29
29 74 29
29 75 29
29 76 29
29 77 29
29 78 29
29 79 29
29 80 29
29 81 29
29 82 29
29 83 29
29 84 29
29 85 29
29 86 29
29 87 29
29 88 29
29 89 29
29 90 29
29 91 29
29 92 29
29 93 29
29 94 29
29 95 29
29 96 29
29 97 29
29 98 29
29 99 29
29 100 1000000
30 31 30
30 32 30
30 33 30
30 34 30
30 35 30
30 36 30
30 37 30
30 38 30
30 39 30
30 40 30
30 41 30
30 42 30
30 43 30
30 44 30
30 45 30
30 46 30
30 47 30
30 48 30
30 49 30
30 50 30
30 51 30
30 52 30
30 53 30
30 54 30
30 55 30
30 56 30
30 57 30
30 58 30
30 59 30
30 60 30
30 61 30
30 62 30
30 63 30
30 64 30
30 65 30
30 66 30
30 67 30
30 68 30
30 69 30
30 70 30
30 71 30
30 72 30
30 73 30
30 74 30
30 75 30
30 76 30
30 77 30
30 78 30
30 79 30
30 80 30
30 81 30
30 82 30
30 83 30
30 84 30
30 85 30
30 86 30
30 87 30
30 88 30
30 89 30
30 90 30
30 91 30
30 92 30
30 93 30
30 94 30
30 95 30
30 96 30
30 97 30
30 98 30
30 99 30
30 100 1000000
31 32 31
31 33 31
31 34 31
31 35 31
31 36 31
31 37 31
31 38 31
31 39 31
31 40 31
31 41 31
31 42 31
31 43 31
31 44 31
31 45 31
31 46 31
31 47 31
31 48 31
31 49 31
31 50 31
31 51 31
31 52 31
31 53 31
31 54 31
31 55 31
31 56 31
31 57 31
31 58 31
31 59 31
31 60 31
31 61 31
31 62 31
31 63 31
31 64 31
31 65 31
31 66 31
31 67 31
31 68 31
31 69 31
31 70 31
31 71 31
31 72 31
31 73 31
31 74 31
31 75 31
31 76 31
31 77 31
31 78 31
31 79 31
31 80 31
31 81 31
31 82 31
31 83 31
31 84 31
31 85 31
31 86 31
31 87 31
31 88 31
31 89 31
31 90 31
31 91 31
31 92 31
31 93 31
31 94 31
31 95 31
31 96 31
31 97 31
31 98 31
31 99 31
31 100 1000000
32 33 32
32 34 32
32 35 32
32 36 32
32 37 32
32 38 32
32 39 32
32 40 32
32 41 32
32 42 32
32 43 32
32 44 32
32 45 32
32 46 32
32 47 32
32 48 32
32 49 32
32 50 32
32 51 32
32 52 32
32 53 32
32 54 32
32 55 32
32 56 32
32 57 32
32 58 32
32 59 32
32 60 32
32 61 32
32 62 32
32 63 32
32 64 32
32 65 32
32 66 32
32 67 32
32 68 32
32 69 32
32 70 32
32 71 32
32 72 32
32 73 32
32 74 32
32 75 32
32 76 32
32 77 32
32 78 32
32 79 32
32 80 32
32 81 32
32 82 32
32 83 32
32 84 32
32 85 32
32 86 32
32 87 32
32 88 32
32 89 32
32 90 32
32 91 32
32 92 32
32 93 32
32 94 32
32 95 32
32 96 32
32 97 32
32 98 32
32 99 32
32 100 1000000
33 34 33
33 35 33
33 36 33
33 37 33
33 38 33
33 39 33
33 40 33
33 41 33
33 42 33
33 43 33
33 44 33
33 45 33
33 46 33
33 47 33
33 48 33
33 49 33
33 50 33
33 51 33
33 52 33
33 53 33
33 54 33
33 55 33
33 56 33
33 57 33
33 58 33
33 59 33
33 60 33
33 61 33
33 62 33
33 63 33
33 64 33
33 65 33
33 66 33
33 67 33
33 68 33
33 69 33
33 70 33
33 71 33
33 72 33
33 73 33
33 74 33
33 75 33
33 76 33
33 77 33
33 78 33
33 79 33
33 80 33
33 81 33
33 82 33
33 83 33
33 84 33
33 85 33
33 86 33
33 87 33
33 88 33
33 89 33
33 90 33
33 91 33
33 92 33
33 93 33
33 94 33
33 95 33
33 96 33
33 97 33
33 98 33
33 99 33
33 100 1000000
34 35 34
34 36 34
34 37 34
34 38 34
34 39 34
34 40 34
34 41 34
34 42 34
34 43 34
34 44 34
34 45 34
34 46 34
34 47 34
34 48 34
34 49 34
34 50 34
34 51 34
34 52 34
34 53 34
34 54 34
34 55 34
34 56 34
34 57 34
34 58 34
34 59 34
34 60 34
34 61 34
34 62 34
34 63 34
34 64 34
34 65 34
34 66 34
34 67 34
34 68 34
34 69 34
34 70 34
34 71 34
34 72 34
34 73 34
34 74 34
34 75 34
34 76 34
34 77 34
34 78 34
34 79 34
34 80 34
34 81 34
34 82 34
34 83 34
34 84 34
34 85 34
34 86 34
34 87 34
34 88 34
34 89 34
34 90 34
34 91 34
34 92 34
34 93 34
34 94 34
34 95 34
34 96 34
34 97 34
34 98 34
34 99 34
34 100 1000000
35 36 35
35 37 35
35 38 35
35 39 35
35 40 35
35 41 35
35 42 35
35 43 35
35 44 35
35 45 35
35 46 35
35 47 35
35 48 35
35 49 35
35 50 35
35 51 35
35 52 35
35 53 35
35 54 35
35 55 35
35 56 35
35 57 35
35 58 35
35 59 35
35 60 35
35 61 35
35 62 35
35 63 35
35 64 35
35 65 35
35 66 35
35 67 35
35 68 35
35 69 35
35 70 35
35 71 35
35 72 35
35 73 35
35 74 35
35 75 35
35 76 35
35 77 35
35 78 35
35 79 35
35 80 35
35 81 35
35 82 35
35 83 35
35 84 35
35 85 35
35 86 35
35 87 35
35 88 35
35 89 35
35 90 35
35 91 35
35 92 35
35 93 35
35 94 35
35 95 35
35 96 35
35 97 35
35 98 35
35 99 35
35 100 1000000
36 37 36
36 38 36
36 39 36
36 40 36
36 41 36
36 42 36
36 43 36
36 44 36
36 45 36
36 46 36
36 47 36
36 48 36
36 49 36
36 50 36
36 51 36
36 52 36
36 53 36
36 54 36
36 55 36
36 56 36
36 57 36
36 58 36
36 59 36
36 60 36
36 61 36
36 62 36
36 63 36
36 64 36
36 65 36
36 66 36
36 67 36
36 68 36
36 69 36
36 70 36
36 71 36
36 72 36
36 73 36
36 74 36
36 75 36
36 76 36
36 77 36
36 78 36
36 79 36
36 80 36
36 81 36
36 82 36
36 83 36
36 84 36
36 85 36
36 86 36
36 87 36
36 88 36
36 89 36
36 90 36
36 91 36
36 92 36
36 93 36
36 94 36
36 95 36
36 96 36
36 97 36
36 98 36
36 99 36
36 100 1000000
37 38 37
37 39 37
37 40 37
37 41 37
37 42 37
37 43 37
37 44 37
37 45 37
37 46 37
37 47 37
37 48 37
37 49 37
37 50 37
37 51 37
37 52 37
37 53 37
37 54 37
37 55 37
37 56 37
37 57 37
37 58 37
37 59 37
37 60 37
37 61 37
37 62 37
37 63 37
37 64 37
37 65 37
37 66 37
37 67 37
37 68 37
37 69 37
37 70 37
37 71 37
37 72 37
37 73 37
37 74 37
37 75 37
37 76 37
37 77 37
37 78 37
37 79 37
37 80 37
37 81 37
37 82 37
37 83 37
37 84 37
37 85 37
37 86 37
37 87 37
37 88 37
37 89 37
37 90 37
37 91 37
37 92 37
37 93 37
37 94 37
37 95 37
37 96 37
37 97 37
37 98 37
37 99 37
37 100 1000000
38 39 38
38 40 38
38 41 38
38 42 38
38 43 38
38 44 38
38 45 38
38 46 38
38 47 38
38 48 38
38 49 38
38 50 38
38 51 38
38 52 38
38 53 38
38 54 38
38 55 38
38 56 38
38 57 38
38 58 38
38 59 38
38 60 38
38 61 38
38 62 38
38 63 38
38 64 38
38 65 38
38 66 38
38 67 38
38 68 38
38 69 38
38 70 38
38 71 38
38 72 38
38 73 38
38 74 38
38 75 38
38 76 38
38 77 38
38 78 38
38 79 38
38 80 38
38 81 38
38 82 38
38 83 38
38 84 38
38 85 38
38 86 38
38 87 38
38 88 38
38 89 38
38 90 38
38 91 38
38 92 38
38 93 38
38 94 38
38 95 38
38 96 38
38 97 38
38 98 38
38 99 38
38 100 1000000
39 40 39
39 41 39
39 42 39
39 43 39
39 44 39
39 45 39
39 46 39
39 47 39
39 48 39
39 49 39
39 50 39
39 51 39
39 52 39
39 53 39
39 54 39
39 55 39
39 56 39
39 57 39
39 58 39
39 59 39
39 60 39
39 61 39
39 62 39
39 63 39
39 64 39
39 65 39
39 66 39
39 67 39
39 68 39
39 69 39
39 70 39
39 71 39
39 72 39
39 73 39
39 74 39
39 75 39
39 76 39
39 77 39
39 78 39
39 79 39
39 80 39
39 81 39
39 82 39
39 83 39
39 84 39
39 85 39
39 86 39
39 87 39
39 88 39
39 89 39
39 90 39
39 91 39
39 92 39
39 93 39
39 94 39
39 95 39
39 96 39
39 97 39
39 98 39
39 99 39
39 100 1000000
40 41 40
40 42 40
40 43 40
40 44 40
40 45 40
40 46 40
40 47 40
40 48 40
40 49 40
40 50 40
40 51 40
40 52 40
40 53 40
40 54 40
40 55 40
40 56 40
40 57 40
40 58 40
40 59 40
40 60 40
40 61 40
40 62 40
40 63 40
40 64 40
40 65 40
40 66 40
40 67 40
40 68 40
40 69 40
40 70 40
40 71 40
40 72 40
40 73 40
40 74 40
40 75 40
40 76 40
40 77 40
40 78 40
40 79 40
40 80 40
40 81 40
40 82 40
40 83 40
40 84 40
40 85 40
40 86 40
40 87 40
40 88 40
40 89 40
40 90 40
40 91 40
40 92 40
40 93 40
40 94 40
40 95 40
40 96 40
40 97 40
40 98 40
40 99 40
40 100 1000000
41 42 41
41 43 41
41 44 41
41 45 41
41 46 41
41 47 41
41 48 41
41 49 41
41 50 41
41 51 41
41 52 41
41 53 41
41 54 41
41 55 41
41 56 41
41 57 41
41 58 41
41 59 41
41 60 41
41 61 41
41 62 41
41 63 41
41 64 41
41 65 41
41 66 41
41 67 41
41 68 41
41 69 41
41 70 41
41 71 41
41 72 41
41 73 41
41 74 41
41 75 41
41 76 41
41 77 41
41 78 41
41 79 41
41 80 41
41 81 41
41 82 41
41 83 41
41 84 41
41 85 41
41 86 41
41 87 41
41 88 41
41 89 41
41 90 41
41 91 41
41 92 41
41 93 41
41 94 41
41 95 41
41 96 41
41 97 41
41 98 41
41 99 41
41 100 1000000
42 43 42
42 44 42
42 45 42
42 46 42
42 47 42
42 48 42
42 49 42
42 50 42
42 51 42
42 52 42
42 53 42
42 54 42
42 55 42
42 56 42
42 57 42
42 58 42
42 59 42
42 60 42
42 61 42
42 62 42
42 63 42
42 64 42
42 65 42
42 66 42
42 67 42
42 68 42
42 69 42
42 70 42
42 71 42
42 72 42
42 73 42
42 74 42
42 75 42
42 76 42
42 77 42
42 78 42
42 79 42
42 80 42
42 81 42
42 82 42
42 83 42
42 84 42
42 85 42
42 86 42
42 87 42
42 88 42
42 89 42
42 90 42
42 91 42
42 92 42
42 93 42
42 94 42
42 95 42
42 96 42
42 97 42
42 98 42
42 99 42
42 100 1000000
43 44 43
43 45 43
43 46 43
43 47 43
43 48 43
43 49 43
43 50 43
43 51 43
43 52 43
43 53 43
43 54 43
43 55 43
43 56 43
43 57 43
43 58 43
43 59 43
43 60 43
43 61 43
43 62 43
43 63 43
43 64 43
43 65 43
43 66 43
43 67 43
43 68 43
43 69 43
43 70 43
43 71 43
43 72 43
43 73 43
43 74 43
43 75 43
43 76 43
43 77 43
43 78 43
43 79 43
43 80 43
43 81 43
43 82 43
43 83 43
43 84 43
43 85 43
43 86 43
43 87 43
43 88 43
43 89 43
43 90 43
43 91 43
43 92 43
43 93 43
43 94 43
43 95 43
43 96 43
43 97 43
43 98 43
43 99 43
43 100 1000000
44 45 44
44 46 44
44 47 44
44 48 44
44 49 44
44 50 44
44 51 44
44 52 44
44 53 44
44 54 44
44 55 44
44 56 44
44 57 44
44 58 44
44 59 44
44 60 44
44 61 44
44 62 44
44 63 44
44 64 44
44 65 44
44 66 44
44 67 44
44 68 44
44 69 44
44 70 44
44 71 44
44 72 44
44 73 44
44 74 44
44 75 44
44 76 44
44 77 44
44 78 44
44 79 44
44 80 44
44 81 44
44 82 44
44 83 44
44 84 44
44 85 44
44 86 44
44 87 44
44 88 44
44 89 44
44 90 44
44 91 44
44 92 44
44 93 44
44 94 44
44 95 44
44 96 44
44 97 44
44 98 44
44 99 44
44 100 1000000
45 46 45
45 47 45
45 48 45
45 49 45
45 50 45
45 51 45
45 52 45
45 53 45
45 54 45
45 55 45
45 56 45
45 57 45
45 58 45
45 59 45
45 60 45
45 61 45
45 62 45
45 63 45
45 64 45
45 65 45
45 66 45
45 67 45
45 68 45
45 69 45
45 70 45
45 71 45
45 72 45
45 73 45
45 74 45
45 75 45
45 76 45
45 77 45
45 78 45
45 79 45
45 80 45
45 81 45
45 82 45
45 83 45
45 84 45
45 85 45
45 86 45
45 87 45
45 88 45
45 89 45
45 90 45
45 91 45
45 92 45
45 93 45
45 94 45
45 95 45
45 96 45
45 97 45
45 98 45
45 99 45
45 100 1000000
46 47 46
46 48 46
46 49 46
46 50 46
46 51 46
46 52 46
46 53 46
46 54 46
46 55 46
46 56 46
46 57 46
46 58 46
46 59 46
46 60 46
46 61 46
46 62 46
46 63 46
46 64 46
46 65 46
46 66 46
46 67 46
46 68 46
46 69 46
46 70 46
46 71 46
46 72 46
46 73 46
46 74 46
46 75 46
46 76 46
46 77 46
46 78 46
46 79 46
46 80 46
46 81 46
46 82 46
46 83 46
46 84 46
46 85 46
46 86 46
46 87 46
46 88 46
46 89 46
46 90 46
46 91 46
46 92 46
46 93 46
46 94 46
46 95 46
46 96 46
46 97 46
46 98 46
46 99 46
46 100 1000000
47 48 47
47 49 47
47 50 47
47 51 47
47 52 47
47 53 47
47 54 47
47 55 47
47 56 47
47 57 47
47 58 47
47 59 47
47 60 47
47 61 47
47 62 47
47 63 47
47 64 47
47 65 47
47 66 47
47 67 47
47 68 47
47 69 47
47 70 47
47 71 47
47 72 47
47 73 47
47 74 47
47 75 47
47 76 47
47 77 47
47 78 47
47 79 47
47 80 47
47 81 47
47 82 47
47 83 47
47 84 47
47 85 47
47 86 47
47 87 47
47 88 47
47 89 47
47 90 47
47 91 47
47 92 47
47 93 47
47 94 47
47 95 47
47 96 47
47 97 47
47 98 47
47 99 47
47 100 1000000
48 49 48
48 50 48
48 51 48
48 52 48
48 53 48
48 54 48
48 55 48
48 56 48
48 57 48
48 58 48
48 59 48
48 60 48
48 61 48
48 62 48
48 63 48
48 64 48
48 65 48
48 66 48
48 67 48
48 68 48
48 69 48
48 70 48
48 71 48
48 72 48
48 73 48
48 74 48
48 75 48
48 76 48
48 77 48
48 78 48
48 79 48
48 80 48
48 81 48
48 82 48
48 83 48
48 84 48
48 85 48
48 86 48
48 87 48
48 88 48
48 89 48
48 90 48
48 91 48
48 92 48
48 93 48
48 94 48
48 95 48
48 96 48
48 97 48
48 98 48
48 99 48
48 100 1000000
49 50 49
49 51 49
49 52 49
49 53 49
49 54 49
49 55 49
49 56 49
49 57 49
49 58 49
49 59 49
49 60 49
49 61 49
49 62 49
49 63 49
49 64 49
49 65 49
49 66 49
49 67 49
49 68 49
49 69 49
49 70 49
49 71 49
49 72 49
49 73 49
49 74 49
49 75 49
49 76 49
49 77 49
49 78 49
49 79 49
49 80 49
49 81 49
49 82 49
49 83 49
49 84 49
49 85 49
49 86 49
49 87 49
49 88 49
49 89 49
49 90 49
49 91 49
49 92 49
49 93 49
49 94 49
49 95 49
49 96 49
49 97 49
49 98 49
49 99 49
49 100 1000000
50 51 50
50 52 50
50 53 50
50 54 50
50 55 50
50 56 50
50 57 50
50 58 50
50 59 50
50 60 50
50 61 50
50 62 50
50 63 50
50 64 50
50 65 50
50 66 50
50 67 50
50 68 50
50 69 50
50 70 50
50 71 50
50 72 50
50 73 50
50 74 50
50 75 50
50 76 50
50 77 50
50 78 50
50 79 50
50 80 50
50 81 50
50 82 50
50 83 50
50 84 50
50 85 50
50 86 50
50 87 50
50 88 50
50 89 50
50 90 50
50 91 50
50 92 50
50 93 50
50 94 50
50 95 50
50 96 50
50 97 50
50 98 50
50 99 50
50 100 1000000
51 52 51
51 53 51
51 54 51
51 55 51
51 56 51
51 57 51
51 58 51
51 59 51
51 60 51
51 61 51
51 62 51
51 63 51
51 64 51
51 65 51
51 66 51
51 67 51
51 68 51
51 69 51
51 70 51
51 71 51
51 72 51
51 73 51
51 74 51
51 75 51
51 76 51
51 77 51
51 78 51
51 79 51
51 80 51
51 81 51
51 82 51
51 83 51
51 84 51
51 85 51
51 86 51
51 87 51
51 88 51
51 89 51
51 90 51
51 91 51
51 92 51
51 93 51
51 94 51
51 95 51
51 96 51
51 97 51
51 98 51
51 99 51
51 100 1000000
52 53 52
52 54 52
52 55 52
52 56 52
52 57 52
52 58 52
52 59 52
52 60 52
52 61 52
52 62 52
52 63 52
52 64 52
52 65 52
52 66 52
52 67 52
52 68 52
52 69 52
52 70 52
52 71 52
52 72 52
52 73 52
52 74 52
52 75 52
52 76 52
52 77 52
52 78 52
52 79 52
52 80 52
52 81 52
52 82 52
52 83 52
52 84 52
52 85 52
52 86 52
52 87 52
52 88 52
52 89 52
52 90 52
52 91 52
52 92 52
52 93 52
52 94 52
52 95 52
52 96 52
52 97 52
52 98 52
52 99 52
52 100 1000000
53 54 53
53 55 53
53 56 53
53 57 53
53 58 53
53 59 53
53 60 53
53 61 53
53 62 53
53 63 53
53 64 53
53 65 53
53 66 53
53 67 53
53 68 53
53 69 53
53 70 53
53 71 53
53 72 53
53 73 53
53 74 53
53 75 53
53 76 53
53 77 53
53 78 53
53 79 53
53 80 53
53 81 53
53 82 53
53 83 53
53 84 53
53 85 53
53 86 53
53 87 53
53 88 53
53 89 53
53 90 53
53 91 53
53 92 53
53 93 53
53 94 53
53 95 53
53 96 53
53 97 53
53 98 53
53 99 53
53 100 1000000
54 55 54
54 56 54
54 57 54
54 58 54
54 59 54
54 60 54
54 61 54
54 62 54
54 63 54
54 64 54
54 65 54
54 66 54
54 67 54
54 68 54
54 69 54
54 70 54
54 71 54
54 72 54
54 73 54
54 74 54
54 75 54
54 76 54
54 77 54
54 78 54
54 79 54
54 80 54
54 81 54
54 82 54
54 83 54
54 84 54
54 85 54
54 86 54
54 87 54
54 88 54
54 89 54
54 90 54
54 91 54
54 92 54
54 93 54
54 94 54
54 95 54
54 96 54
54 97 54
54 98 54
54 99 54
54 100 1000000
55 56 55
55 57 55
55 58 55
55 59 55
55 60 55
55 61 55
55 62 55
55 63 55
55 64 55
55 65 55
55 66 55
55 67 55
55 68 55
55 69 55
55 70 55
55 71 55
55 72 55
55 73 55
55 74 55
55 75 55
55 76 55
55 77 55
55 78 55
55 79 55
55 80 55
55 81 55
55 82 55
55 83 55
55 84 55
55 85 55
55 86 55
55 87 55
55 88 55
55 89 55
55 90 55
55 91 55
55 92 55
55 93 55
55 94 55
55 95 55
55 96 55
55 97 55
55 98 55
55 99 55
55 100 1000000
56 57 56
56 58 56
56 59 56
56 60 56
56 61 56
56 62 56
56 63 56
56 64 56
56 65 56
56 66 56
56 67 56
56 68 56
56 69 56
56 70 56
56 71 56
56 72 56
56 73 56
56 74 56
56 75 56
56 76 56
56 77 56
56 78 56
56 79 56
56 80 56
56 81 56
56 82 56
56 83 56
56 84 56
56 85 56
56 86 56
56 87 56
56 88 56
56 89 56
56 90 56
56 91 56
56 92 56
56 93 56
56 94 56
56 95 56
56 96 56
56 97 56
56 98 56
56 99 56
56 100 1000000
57 58 57
57 59 57
57 60 57
57 61 57
57 62 57
57 63 57
57 64 57
57 65 57
57 66 57
57 67 57
57 68 57
57 69 57
57 70 57
57 71 57
57 72 57
57 73 57
57 74 57
57 75 57
57 76 57
57 77 57
57 78 57
57 79 57
57 80 57
57 81 57
57 82 57
57 83 57
57 84 57
57 85 57
57 86 57
57 87 57
57 88 57
57 89 57
57 90 57
57 91 57
57 92 57
57 93 57
57 94 57
57 95 57
57 96 57
57 97 57
57 98 57
57 99 57
57 100 1000000
58 59 58
58 60 58
58 61 58
58 62 58
58 63 58
58 64 58
58 65 58
58 66 58
58 67 58
58 68 58
58 69 58
58 70 58
58 71 58
58 72 58
58 73 58
58 74 58
58 75 58
58 76 58
58 77 58
58 78 58
58 79 58
58 80 58
58 81 58
58 82 58
58 83 58
58 84 58
58 85 58
58 86 58
58 87 58
58 88 58
58 89 58
58 90 58
58 91 58
58 92 58
58 93 58
58 94 58
58 95 58
58 96 58
58 97 58
58 98 58
58 99 58
58 100 1000000
59 60 59
59 61 59
59 62 59
59 63 59
59 64 59
59 65 59
59 66 59
59 67 59
59 68 59
59 69 59
59 70 59
59 71 59
59 72 59
59 73 59
59 74 59
59 75 59
59 76 59
59 77 59
59 78 59
59 79 59
59 80 59
59 81 59
59 82 59
59 83 59
59 84 59
59 85 59
59 86 59
59 87 59
59 88 59
59 89 59
59 90 59
59 91 59
59 92 59
59 93 59
59 94 59
59 95 59
59 96 59
59 97 59
59 98 59
59 99 59
59 100 1000000
60 61 60
60 62 60
60 63 60
60 64 60
60 65 60
60 66 60
60 67 60
60 68 60
60 69 60
60 70 60
60 71 60
60 72 60
60 73 60
60 74 60
60 75 60
60 76 60
60 77 60
60 78 60
60 79 60
60 80 60
60 81 60
60 82 60
60 83 60
60 84 60
60 85 60
60 86 60
60 87 60
60 88 60
60 89 60
60 90 60
60 91 60
60 92 60
60 93 60
60 94 60
60 95 60
60 96 60
60 97 60
60 98 60
60 99 60
60 100 1000000
61 62 61
61 63 61
61 64 61
61 65 61
61 66 61
61 67 61
61 68 61
61 69 61
61 70 61
61 71 61
61 72 61
61 73 61
61 74 61
61 75 61
61 76 61
61 77 61
61 78 61
61 79 61
61 80 61
61 81 61
61 82 61
61 83 61
61 84 61
61 85 61
61 86 61
61 87 61
61 88 61
61 89 61
61 90 61
61 91 61
61 92 61
61 93 61
61 94 61
61 95 61
61 96 61
61 97 61
61 98 61
61 99 61
61 100 1000000
62 63 62
62 64 62
62 65 62
62 66 62
62 67 62
62 68 62
62 69 62
62 70 62
62 71 62
62 72 62
62 73 62
62 74 62
62 75 62
62 76 62
62 77 62
62 78 62
62 79 62
62 80 62
62 81 62
62 82 62
62 83 62
62 84 62
62 85 62
62 86 62
62 87 62
62 88 62
62 89 62
62 90 62
62 91 62
62 92 62
62 93 62
62 94 62
62 95 62
62 96 62
62 97 62
62 98 62
62 99 62
62 100 1000000
63 64 63
63 65 63
63 66 63
63 67 63
63 68 63
63 69 63
63 70 63
63 71 63
63 72 63
63 73 63
63 74 63
63 75 63
63 76 63
63 77 63
63 78 63
63 79 63
63 80 63
63 81 63
63 82 63
63 83 63
63 84 63
63 85 63
63 86 63
63 87 63
63 88 63
63 89 63
63 90 63
63 91 63
63 92 63
63 93 63
63 94 63
63 95 63
63 96 63
63 97 63
63 98 63
63 99 63
63 100 1000000
64 65 64
64 66 64
64 67 64
64 68 64
64 69 64
64 70 64
64 71 64
64 72 64
64 73 64
64 74 64
64 75 64
64 76 64
64 77 64
64 78 64
64 79 64
64 80 64
64 81 64
64 82 64
64 83 64
64 84 64
64 85 64
64 86 64
64 87 64
64 88 64
64 89 64
64 90 64
64 91 64
64 92 64
64 93 64
64 94 64
64 95 64
64 96 64
64 97 64
64 98 64
64 99 64
64 100 1000000
65 66 65
65 67 65
65 68 65
65 69 65
65 70 65
65 71 65
65 72 65
65 73 65
65 74 65
65 75 65
65 76 65
65 77 65
65 78 65
65 79 65
65 80 65
65 81 65
65 82 65
65 83 65
65 84 65
65 85 65
65 86 65
65 87 65
65 88 65
65 89 65
65 90 65
65 91 65
65 92 65
65 93 65
65 94 65
65 95 65
65 96 65
65 97 65
65 98 65
65 99 65
65 100 1000000
66 67 66
66 68 66
66 69 66
66 70 66
66 71 66
66 72 66
66 73 66
66 74 66
66 75 66
66 76 66
66 77 66
66 78 66
66 79 66
66 80 66
66 81 66
66 82 66
66 83 66
66 84 66
66 85 66
66 86 66
66 87 66
66 88 66
66 89 66
66 90 66
66 91 66
66 92 66
66 93 66
66 94 66
66 95 66
66 96 66
66 97 66
66 98 66
66 99 66
66 100 1000000
67 68 67
67 69 67
67 70 67
67 71 67
67 72 67
67 73 67
67 74 67
67 75 67
67 76 67
67 77 67
67 78 67
67 79 67
67 80 67
67 81 67
67 82 67
67 83 67
67 84 67
67 85 67
67 86 67
67 87 67
67 88 67
67 89 67
67 90 67
67 91 67
67 92 67
67 93 67
67 94 67
67 95 67
67 96 67
67 97 67
67 98 67
67 99 67
67 100 1000000
68 69 68
68 70 68
68 71 68
68 72 68
68 73 68
68 74 68
68 75 68
68 76 68
68 77 68
68 78 68
68 79 68
68 80 68
68 81 68
68 82 68
68 83 68
68 84 68
68 85 68
68 86 68
68 87 68
68 88 68
68 89 68
68 90 68
68 91 68
68 92 68
68 93 68
68 94 68
68 95 68
68 96 68
68 97 68
68 98 68
68 99 68
68 100 1000000
69 70 69
69 71 69
69 72 69
69 73 69
69 74 69
69 75 69
69 76 69
69 77 69
69 78 69
69 79 69
69 80 69
69 81 69
69 82 69
69 83 69
69 84 69
69 85 69
69 86 69
69 87 69
69 88 69
69 89 69
69 90 69
69 91 69
69 92 69
69 93 69
69 94 69
69 95 69
69 96 69
69 97 69
69 98 69
69 99 69
69 100 1000000
70 71 70
70 72 70
70 73 70
70 74 70
70 75 70
70 76 70
70 77 70
70 78 70
70 79 70
70 80 70
70 81 70
70 82 70
70 83 70
70 84 70
70 85 70
70 86 70
70 87 70
70 88 70
70 89 70
70 90 70
70 91 70
70 92 70
70 93 70
70 94 70
70 95 70
70 96 70
70 97 70
70 98 70
70 99 70
70 100 1000000
71 72 71
71 73 71
71 74 71
71 75 71
71 76 71
71 77 71
71 78 71
71 79 71
71 80 71
71 81 71
71 82 71
71 83 71
71 84 71
71 85 71
71 86 71
71 87 71
71 88 71
71 89 71
71 90 71
71 91 71
71 92 71
71 93 71
71 94 71
71 95 71
71 96 71
71 97 71
71 98 71
71 99 71
71 100 1000000
72 73 72
72 74 72
72 75 72
72 76 72
72 77 72
72 78 72
72 79 72
72 80 72
72 81 72
72 82 72
72 83 72
72 84 72
72 85 72
72 86 72
72 87 72
72 88 72
72 89 72
72 90 72
72 91 72
72 92 72
72 93 72
72 94 72
72 95 72
72 96 72
72 97 72
72 98 72
72 99 72
72 100 1000000
73 74 73
73 75 73
73 76 73
73 77 73
73 78 73
73 79 73
73 80 73
73 81 73
73 82 73
73 83 73
73 84 73
73 85 73
73 86 73
73 87 73
73 88 73
73 89 73
73 90 73
73 91 73
73 92 73
73 93 73
73 94 73
73 95 73
73 96 73
73 97 73
73 98 73
73 99 73
73 100 1000000
74 75 74
74 76 74
74 77 74
74 78 74
74 79 74
74 80 74
74 81 74
74 82 74
74 83 74
74 84 74
74 85 74
74 86 74
74 87 74
74 88 74
74 89 74
74 90 74
74 91 74
74 92 74
74 93 74
74 94 74
74 95 74
74 96 74
74 97 74
74 98 74
74 99 74
74 100 1000000
75 76 75
75 77 75
75 78 75
75 79 75
75 80 75
75 81 75
75 82 75
75 83 75
75 84 75
75 85 75
75 86 75
75 87 75
75 88 75
75 89 75
75 90 75
75 91 75
75 92 75
75 93 75
75 94 75
75 95 75
75 96 75
75 97 75
75 98 75
75 99 75
75 100 1000000
76 77 76
76 78 76
76 79 76
76 80 76
76 81 76
76 82 76
76 83 76
76 84 76
76 85 76
76 86 76
76 87 76
76 88 76
76 89 76
76 90 76
76 91 76
76 92 76
76 93 76
76 94 76
76 95 76
76 96 76
76 97 76
76 98 76
76 99 76
76 100 1000000
77 78 77
77 79 77
77 80 77
77 81 77
77 82 77
77 83 77
77 84 77
77 85 77
77 86 77
77 87 77
77 88 77
77 89 77
77 90 77
77 91 77
77 92 77
77 93 77
77 94 77
77 95 77
77 96 77
77 97 77
77 98 77
77 99 77
77 100 1000000
78 79 78
78 80 78
78 81 78
78 82 78
78 83 78
78 84 78
78 85 78
78 86 78
78 87 78
78 88 78
78 89 78
78 90 78
78 91 78
78 92 78
78 93 78
78 94 78
78 95 78
78 96 78
78 97 78
78 98 78
78 99 78
78 100 1000000
79 80 79
79 81 79
79 82 79
79 83 79
79 84 79
79 85 79
79 86 79
79 87 79
79 88 79
79 89 79
79 90 79
79 91 79
79 92 79
79 93 79
79 94 79
79 95 79
79 96 79
79 97 79
79 98 79
79 99 79
79 100 1000000
80 81 80
80 82 80
80 83 80
80 84 80
80 85 80
80 86 80
80 87 80
80 88 80
80 89 80
80 90 80
80 91 80
80 92 80
80 93 80
80 94 80
80 95 80
80 96 80
80 97 80
80 98 80
80 99 80
80 100 1000000
81 82 81
81 83 81
81 84 81
81 85 81
81 86 81
81 87 81
81 88 81
81 89 81
81 90 81
81 91 81
81 92 81
81 93 81
81 94 81
81 95 81
81 96 81
81 97 81
81 98 81
81 99 81
81 100 1000000
82 83 82
82 84 82
82 85 82
82 86 82
82 87 82
82 88 82
82 89 82
82 90 82
82 91 82
82 92 82
82 93 82
82 94 82
82 95 82
82 96 82
82 97 82
82 98 82
82 99 82
82 100 1000000
83 84 83
83 85 83
83 86 83
83 87 83
83 88 83
83 89 83
83 90 83
83 91 83
83 92 83
83 93 83
83 94 83
83 95 83
83 96 83
83 97 83
83 98 83
83 99 83
83 100 1000000
84 85 84
84 86 84
84 87 84
84 88 84
84 89 84
84 90 84
84 91 84
84 92 84
84 93 84
84 94 84
84 95 84
84 96 84
84 97 84
84 98 84
84 99 84
84 100 1000000
85 86 85
85 87 85
85 88 85
85 89 85
85 90 85
85 91 85
85 92 85
85 93 85
85 94 85
85 95 85
85 96 85
85 97 85
85 98 85
85 99 85
85 100 1000000
86 87 86
86 88 86
86 89 86
86 90 86
86 91 86
86 92 86
86 93 86
86 94 86
86 95 86
86 96 86
86 97 86
86 98 86
86 99 86
86 100 1000000
87 88 87
87 89 87
87 90 87
87 91 87
87 92 87
87 93 87
87 94 87
87 95 87
87 96 87
87 97 87
87 98 87
87 99 87
87 100 1000000
88 89 88
88 90 88
88 91 88
88 92 88
88 93 88
88 94 88
88 95 88
88 96 88
88 97 88
88 98 88
88 99 88
88 100 1000000
89 90 89
89 91 89
89 92 89
89 93 89
89 94 89
89 95 89
89 96 89
89 97 89
89 98 89
89 99 89
89 100 1000000
90 91 90
90 92 90
90 93 90
90 94 90
90 95 90
90 96 90
90 97 90
90 98 90
90 99 90
90 100 1000000
91 92 91
91 93 91
91 94 91
91 95 91
91 96 91
91 97 91
91 98 91
91 99 91
91 100 1000000
92 93 92
92 94 92
92 95 92
92 96 92
92 97 92
92 98 92
92 99 92
92 100 1000000
93 94 93
93 95 93
93 96 93
93 97 93
93 98 93
93 99 93
93 100 1000000
94 95 94
94 96 94
94 97 94
94 98 94
94 99 94
94 100 1000000
95 96 95
95 97 95
95 98 95
95 99 95
95 100 1000000
96 97 96
96 98 96
96 99 96
96 100 1000000
97 98 97
97 99 97
97 100 1000000
98 99 98
98 100 1000000
99 100 1000000
