6545 9734
83793.48
28189.38
94442.88
65659.31
39381.78
10673.32
77914.62
79977.60
4267.32
44051.72
1962.53
48008.37
93435.73
85259.60
36295.80
18468.42
26325.55
85762.05
84602.26
16608.44
38247.87
42402.68
7540.34
2922.74
92684.96
52646.50
67703.67
41722.23
42905.22
16404.89
7495.83
34258.20
16332.11
51630.08
95852.75
96084.39
20104.44
15866.66
4750.32
83344.81
91265.55
50947.62
1434.57
97674.91
40018.97
93022.45
67312.06
24403.42
59487.93
15104.70
79437.94
83742.59
416.27
94326.68
15539.12
99654.14
34248.28
21088.58
68510.13
16078.49
53024.96
92289.70
81319.14
15214.80
79534.14
55829.16
38261.56
17539.30
86152.05
98563.68
73498.96
68249.36
45813.77
94909.89
82820.45
39820.86
63550.09
58278.60
49564.37
5366.36
62028.31
62528.73
20637.54
62481.53
19534.38
25628.15
93569.73
12267.36
83834.01
72709.09
540.75
23215.67
10350.15
20705.66
317.71
34645.39
98094.39
51760.74
14039.92
79377.08
21789.76
67590.07
65788.96
30333.34
83622.43
41990.77
13881.42
752.38
33059.85
13681.88
83821.78
52702.46
28172.76
86664.52
38852.92
93584.53
36898.59
30289.01
49041.84
65310.75
1683.84
96216.52
44838.01
55846.20
15942.80
94462.82
66041.84
87801.42
85770.18
95711.44
42120.92
63763.24
75345.19
52084.01
64811.23
73051.34
59464.48
53555.00
38941.20
89588.13
31641.52
62198.57
22415.83
15569.43
41209.85
91454.92
91298.44
50623.37
57867.78
22603.69
90927.62
91145.14
87101.98
75631.87
59006.88
89494.96
84927.42
76683.74
31604.33
27746.88
45381.34
89280.39
68000.17
85675.83
59208.49
1496.18
55319.19
7670.45
67175.37
86279.84
78886.03
98259.25
56450.85
77107.49
69240.57
937.48
73490.66
26155.32
61750.95
39982.33
51863.35
37179.14
29761.74
29943.87
78455.11
90288.63
77214.84
82499.36
46491.03
803.49
1680.46
65358.22
68810.19
79379.20
63735.78
92905.35
49832.29
85589.77
23628.75
53270.27
39653.05
92155.02
31164.63
1509.41
18706.10
1999.96
79752.54
73589.34
86428.75
85333.58
60549.81
858.18
52369.17
28934.78
77641.36
29692.79
53172.45
14832.80
10191.89
76009.31
43883.13
70569.62
32508.03
69324.40
37001.56
58232.00
27948.35
66054.85
87731.73
94440.45
57618.35
36742.87
48857.97
18482.80
69788.24
56894.74
43688.05
50779.77
60970.79
56120.22
30500.22
8870.07
24596.87
5260.20
56931.64
73102.55
48226.16
46190.23
27745.68
19222.88
45230.49
93987.20
34415.73
60042.19
31887.33
66146.90
19962.76
63375.41
85820.99
18539.85
77484.45
38436.42
46728.89
92792.86
5813.07
7877.92
45330.58
4783.91
70739.94
7663.24
71476.84
28937.83
45243.62
81957.67
17356.49
58010.18
27159.63
65226.89
56738.30
43047.04
57729.02
68729.85
46185.63
43207.93
89463.36
13593.76
59181.16
40139.67
76763.64
77658.54
89099.30
96588.37
87730.57
48278.35
81963.79
63937.32
60603.81
98267.63
84927.89
68358.07
53267.55
27179.17
21414.76
30262.38
59260.04
35101.74
28855.52
96742.38
88724.55
21164.72
19962.45
91686.54
37739.15
23937.23
53474.79
13258.92
94463.01
45909.39
25314.80
33429.19
55536.50
29243.03
16091.40
79240.95
51172.75
74979.43
55888.98
505.84
2378.14
22891.67
92278.89
53610.86
58739.13
34168.88
72491.07
56126.60
90213.05
44120.17
75683.33
91903.59
31360.27
77085.47
56245.77
71344.60
1455.28
40740.99
84077.94
76540.06
48914.21
41986.63
92776.05
45954.41
93476.17
91602.98
71667.87
78350.61
64576.11
89865.35
62632.86
60640.50
59346.50
10302.29
47644.82
49348.45
68685.45
23786.17
37974.83
60375.69
44828.72
30143.31
991.76
46753.08
8863.18
89471.10
85497.94
69069.53
21619.11
70349.65
31537.58
88263.75
66378.96
57135.55
75615.20
35466.80
16839.98
83525.03
87261.84
38582.87
88768.29
84574.28
97886.36
10295.91
98781.84
84364.23
7849.41
27189.47
78699.76
61497.35
82697.58
54667.37
18895.63
59614.04
74495.17
97362.63
39092.17
35116.01
29191.13
79722.19
10034.83
59284.19
65958.68
86454.90
74481.77
16978.70
39445.05
17530.33
40947.75
69108.29
20868.91
37415.78
48639.44
71056.92
58902.90
23239.16
27019.62
64254.75
6278.89
41565.10
98437.83
83081.23
23053.36
8471.86
97264.84
44287.74
92470.41
12616.52
3968.62
11127.16
10359.99
5975.91
17569.15
49378.12
34008.72
91950.91
14909.67
17451.14
1440.89
65521.46
70181.81
57764.38
57047.17
85139.84
33142.17
81576.44
44498.38
81049.82
89457.78
64463.58
52881.98
29718.97
51617.92
94629.12
26998.71
49071.87
53849.95
41232.26
77756.85
94211.52
49476.43
34923.97
53601.71
58316.53
34151.27
77777.42
58917.68
8401.68
43412.15
24800.43
30340.51
10629.15
97986.97
4217.43
6917.25
24858.09
95291.64
68708.52
55051.24
73119.99
70556.77
94792.97
34169.93
11707.24
76020.80
72544.83
14052.67
61562.62
51627.01
52827.99
79756.33
76656.91
85661.97
44238.38
85075.94
55042.40
88772.87
76940.60
40478.04
22269.62
29801.23
75586.63
46444.21
41854.88
6870.57
8504.06
8162.23
32486.07
52165.48
5341.36
92502.39
96654.26
93839.54
60357.68
13216.45
90398.56
23489.71
63544.66
55296.80
88851.81
42634.60
26767.79
74433.22
27274.47
86634.14
97114.82
32504.86
22264.34
49488.17
74638.64
55044.78
2829.62
57951.42
76682.29
21614.77
6012.60
68402.43
15973.38
25027.74
16751.78
84903.83
84675.63
60355.24
56669.72
21891.54
61584.94
29657.78
51474.09
59930.44
84657.42
73375.13
31659.68
67973.81
56057.04
64314.37
46198.47
90564.32
71910.22
25173.13
93905.71
23413.86
93955.06
55535.38
2169.09
25799.74
5272.49
79277.50
7728.78
43214.88
17287.02
48321.86
19195.77
38709.32
20224.53
63675.72
65995.96
56360.73
94214.51
99692.66
63427.48
65311.23
23224.43
42494.20
48518.92
57808.19
79013.60
78489.13
66375.70
99686.40
67294.02
93927.92
11702.35
56729.14
53285.83
71429.83
55187.93
45345.70
8854.76
94420.18
9442.38
81002.72
48419.10
95415.22
14171.06
22847.08
45813.72
9092.24
45275.07
37957.53
49298.62
16082.30
77564.87
33662.85
36899.49
88423.06
55774.75
31363.83
79267.85
72609.35
53565.43
80296.77
2248.16
71178.90
25202.58
34675.72
66339.47
8770.60
79598.54
42651.30
5239.18
93593.10
31404.88
20523.30
90656.24
10240.91
8843.18
10644.77
15581.40
4795.73
22961.63
46454.92
13202.02
48150.44
28004.93
73078.56
53648.91
88493.24
27584.90
96929.31
85762.67
28889.41
6339.44
62754.30
16067.05
90898.24
91767.25
81557.78
42136.96
50162.68
75925.83
57841.06
82548.30
54909.07
51680.23
89596.44
70597.56
63294.54
43190.15
39492.50
3978.25
60539.59
35322.75
688.33
67601.97
41783.32
31678.80
5714.12
71751.50
71598.81
95919.57
51855.68
72753.41
56106.14
56082.01
41480.40
68357.65
88620.60
76569.71
60742.03
85011.80
54773.54
27507.20
45101.99
99217.19
8043.36
6144.90
5104.45
60154.69
51634.21
90002.50
10842.93
5767.45
87639.74
26438.01
58555.72
89488.20
19429.66
88330.14
67787.80
59798.57
18196.29
50561.48
82556.54
59807.95
89598.90
66989.90
74958.94
39039.38
1443.15
52595.79
74657.67
94609.98
58333.16
492.55
72683.60
83993.39
34233.79
88487.86
72992.17
76551.74
98880.53
54883.26
90211.18
36024.69
98974.62
48199.49
17017.54
51162.96
80100.69
80515.10
9580.35
56693.92
60304.73
39105.85
64507.95
11806.66
91269.56
36072.41
85736.31
28344.17
68025.57
643.83
64796.40
65890.01
73134.03
43844.28
22897.91
35936.97
66280.63
50210.56
88266.91
82325.33
55216.61
76247.96
7174.89
30138.15
8985.12
60311.80
12096.73
20241.01
99370.14
73602.33
95435.04
71653.86
81505.67
66960.38
62248.48
38942.42
49582.47
93151.30
60421.40
56816.47
28590.02
9324.67
11712.41
89122.88
88031.13
89337.29
92119.42
24420.48
88546.68
626.98
34998.51
85324.59
97388.06
25324.62
55374.20
43808.51
33674.67
30292.01
18878.74
59649.57
29374.25
15772.98
3757.63
84207.21
16943.16
97345.30
29379.22
96720.59
79564.47
860.86
49685.59
65313.20
24921.16
75061.65
35022.41
49892.08
68441.93
51558.99
90785.15
89128.99
36957.24
6863.57
86319.28
38711.14
28702.96
6153.77
92511.75
53048.96
90609.20
33469.72
51511.52
27628.41
98811.74
38020.71
27016.38
44195.27
53323.73
51293.32
8563.74
85959.04
22804.93
54647.86
68262.78
15003.79
366.17
2090.61
93405.59
29093.61
56346.42
27909.28
43394.62
40060.05
99000.10
93859.32
4424.05
40959.10
79031.95
55588.44
40352.68
54185.19
98917.11
52987.02
63205.53
77729.77
12943.85
54151.66
71742.06
71771.85
28916.44
7649.65
31528.10
52788.15
47455.71
82771.58
94949.35
87370.19
99834.71
2459.90
84603.66
2935.97
70287.07
98600.57
88509.82
57523.73
13725.54
44365.67
40570.15
35855.08
4808.10
43294.16
84724.61
63855.36
79289.32
79798.50
46233.71
58818.38
53594.30
60784.50
58527.91
57403.26
33552.82
3072.01
19060.89
88650.79
48231.15
46303.80
72604.18
84206.82
69798.95
96030.34
45420.81
42940.16
5368.88
26657.75
78755.27
92142.57
71746.37
98946.59
35077.40
12498.22
89027.05
71748.94
75517.69
19010.18
53979.26
12671.24
31931.51
15071.51
79149.32
37350.37
22029.72
61868.31
8626.92
32030.61
81013.17
30302.33
46408.12
39128.79
8148.66
27620.61
58293.56
10475.28
51723.75
15939.66
33259.31
57918.22
80817.99
64851.65
15237.88
55978.55
17328.12
5300.12
41246.88
76243.33
26684.55
76912.81
46802.83
58184.84
90696.88
85978.89
24557.65
46092.93
10965.73
16258.30
47095.28
46808.17
16298.53
59810.63
89825.97
87943.34
72566.69
60031.01
14915.71
81280.57
18441.66
84080.48
2188.35
21031.89
75447.49
66898.51
37937.85
71650.51
5767.13
93984.92
97588.20
24880.35
16240.33
15138.96
83138.47
30731.39
31990.27
6342.77
1330.52
32068.32
88116.71
21977.04
93476.95
57499.91
12893.04
4556.08
52886.55
52256.71
904.63
44169.94
90825.06
51744.53
99566.26
4821.11
36948.48
27461.17
57455.77
59843.22
85146.59
59963.95
7901.77
3589.24
20734.13
18575.52
86262.67
31576.79
89927.08
52515.48
4334.62
6277.90
97541.66
23145.20
30325.93
50740.85
43853.46
32013.53
47835.26
37231.54
36554.22
24390.69
92271.40
63081.84
38743.78
72978.01
88151.74
30932.55
38894.67
71480.95
35717.35
75558.33
53726.88
92732.81
20301.85
4462.18
99930.26
91056.88
42891.70
44426.99
95672.08
53554.19
95315.40
11211.52
77827.29
30004.73
28499.13
44578.53
45868.86
96069.25
87226.29
75842.38
68355.84
29479.55
9838.36
20123.64
12956.55
3904.36
16314.79
10498.29
85944.42
30178.63
33169.25
16228.90
92104.02
99583.58
28599.71
12265.39
50984.70
8864.94
56330.06
92202.75
30439.40
71677.13
31580.54
41883.38
83386.15
46140.55
87604.59
15831.40
98729.69
33199.80
86229.68
83706.48
2380.75
25470.07
80839.40
38964.78
69310.52
11259.40
55234.63
86914.33
32577.70
63454.13
86810.97
54352.50
265.81
67955.20
7490.16
87972.97
16268.06
71352.74
60842.89
33729.75
25857.45
52526.36
78840.49
14345.73
31979.47
47858.81
26673.07
47153.25
53205.00
84750.37
89071.51
69454.20
19280.83
3121.53
96570.92
63587.19
65215.37
69591.48
15152.94
98889.17
9836.99
14019.83
47704.52
32739.18
29762.52
43099.16
20730.52
37871.55
64713.44
10685.81
54757.82
48146.17
15117.14
49556.50
41868.21
39963.30
17930.97
94278.18
78797.83
91510.39
11626.32
49878.69
29040.37
87028.42
26270.41
86005.71
12391.80
58285.30
59643.26
61261.44
45373.93
80443.80
25327.27
7400.65
80974.42
64511.50
83706.97
28079.40
21140.63
13560.25
91816.44
91842.17
464.99
34902.70
32971.90
24034.62
64499.15
25413.36
12126.90
27329.80
91134.62
72181.65
27887.71
85554.98
28487.31
35684.50
57126.37
30506.88
47723.42
7666.04
13128.87
76442.62
34264.30
60911.72
63216.02
51933.98
65807.68
33104.51
16774.43
83772.40
50602.81
11950.68
19635.18
12612.34
24417.04
13762.52
15737.65
45040.32
29631.25
72685.64
62015.97
71757.32
24901.72
82758.31
7445.70
6561.94
98825.92
59990.32
72188.04
25821.82
86049.68
16648.86
87769.36
13120.86
9253.24
64938.92
84233.23
38769.73
95453.80
92265.79
35202.71
28867.13
40061.88
75266.98
96790.26
3599.36
17129.10
24801.32
1292.79
89465.68
59224.96
79082.39
91609.43
35116.90
55379.88
87144.20
7319.33
85494.79
40532.28
49826.26
58357.30
93959.81
74916.96
10465.68
47224.40
77094.50
36832.46
12483.90
25671.37
41870.30
77224.81
66055.37
96792.09
39865.04
9525.16
91045.77
98464.78
28218.76
33178.81
28407.27
29078.26
42015.30
14303.23
37218.35
1480.99
7777.19
71912.37
19555.63
36090.16
52761.26
43144.95
40385.17
29098.48
89742.62
25934.14
34660.93
56716.15
81974.38
22556.15
18817.66
1385.42
18010.59
32495.22
48845.83
10905.37
51080.10
68062.48
92136.15
26404.35
82698.56
91206.31
5281.06
40097.47
95206.27
94951.52
35020.78
68766.90
62919.34
77904.94
84521.39
53902.22
96581.54
85265.00
12172.43
24438.46
804.54
14772.61
55091.56
83029.29
49183.83
11041.02
94523.69
1792.86
6778.01
96702.02
5322.23
38467.85
54638.78
13806.16
56699.76
8917.07
96079.29
73914.23
56435.88
76916.33
49368.17
40317.76
55729.41
47165.88
56537.00
90825.86
56882.80
72462.06
62988.36
34556.02
91005.92
10966.58
47592.33
81166.27
57926.99
94510.98
7958.70
85966.25
45497.99
93873.68
30572.46
19344.75
70482.11
91967.31
480.04
33951.04
8210.72
873.55
30213.97
28067.72
3197.41
83663.26
12643.10
28612.41
77896.50
66939.16
27436.33
42205.89
81793.67
55038.71
55826.93
47744.08
48016.00
81834.70
83365.28
28911.49
49649.16
61070.89
95347.33
70073.56
72949.06
21170.35
94606.33
63985.40
49635.54
35454.05
96355.35
4754.42
15455.64
83706.90
79768.13
64494.40
87203.82
6029.19
985.65
77108.43
75386.79
34910.47
97235.97
77638.30
74720.31
16463.73
36754.96
70617.75
99645.55
56757.18
94195.17
25867.16
57052.50
54181.18
56210.56
25167.14
73397.88
3787.86
86904.54
8248.50
18405.08
84540.85
7828.67
91536.14
92533.65
65412.72
72219.81
58084.41
70405.82
91267.53
38162.89
42141.25
17377.53
34466.05
70367.09
56778.83
21441.52
23131.15
25242.68
38028.10
7649.93
82010.87
98966.27
3954.68
27243.95
46876.54
43221.73
52113.69
38677.96
38393.69
78304.48
43821.04
22725.79
6403.03
58276.46
48678.53
98856.37
80549.12
67859.52
47790.40
35066.57
88194.19
55754.44
19108.83
68358.46
25554.61
34073.33
53345.77
78048.61
92997.52
98572.79
73888.72
79097.02
30435.13
49375.35
59157.92
27642.93
13754.12
16866.67
90842.41
55935.30
98217.81
22456.05
76452.55
78845.22
19778.36
28887.70
19626.39
39147.92
90236.70
59790.30
36627.49
83761.77
47187.60
93152.37
42471.61
88131.82
44687.41
58410.84
55119.86
70945.40
95581.89
91840.51
91175.67
66367.18
1431.80
29931.71
51523.27
45981.39
30973.59
45443.74
20345.00
7628.38
33052.70
55821.67
25955.04
73323.44
94967.14
58663.84
36887.07
63444.92
82158.56
73927.67
91673.33
39379.59
20188.68
97561.27
85752.55
31812.37
4938.15
96248.28
63944.36
96848.18
51965.78
97953.56
91927.53
67153.30
20965.26
57957.10
5159.62
90303.75
76257.12
5063.75
58675.65
71528.21
69253.36
97676.22
26203.01
63033.00
53832.16
44418.85
22030.38
67096.50
70560.32
68999.67
44068.04
45120.73
60700.83
23998.24
61537.10
49827.35
95943.08
83266.81
95725.05
22785.78
34793.25
67632.15
67245.37
24460.74
41562.34
83585.82
8238.36
88966.95
28889.38
79650.07
62951.08
20718.28
9737.25
50107.12
25133.48
75158.96
69798.71
40779.20
85688.64
90764.26
96250.08
36546.80
89014.28
64498.35
23789.99
35292.86
21473.20
87916.51
83900.93
37960.06
80430.19
86099.49
68270.84
9409.00
97292.77
26607.36
42312.42
89764.64
12993.38
90640.42
69717.54
60938.52
29350.47
23594.59
33984.36
98014.27
84745.96
7198.87
67854.60
60183.84
27556.69
20422.35
26598.44
922.12
85777.17
81338.16
66084.56
2087.23
56271.30
87132.09
11572.92
61634.20
62090.52
94443.13
28167.60
89629.31
51295.79
7223.55
28867.34
92252.83
35721.05
64306.10
81151.26
48477.45
93115.52
43865.63
98037.17
9110.06
81102.47
26962.81
24550.11
72884.25
36391.85
87357.36
55538.51
19291.13
57684.35
99778.32
45775.47
2835.93
95704.36
83838.84
98282.79
38407.87
98799.32
25783.00
41815.06
32450.81
87543.03
45252.18
33441.46
39622.17
56780.27
99258.42
47162.71
49627.70
28550.44
40552.40
34500.65
33919.41
4327.51
72573.32
67998.03
6944.39
90013.93
68168.44
3565.89
81631.88
92125.95
44269.53
22616.13
23806.06
8607.81
9714.01
39916.76
35212.24
62712.35
28397.92
88107.27
19843.71
53385.54
64948.61
14811.63
13256.95
20592.43
5104.32
53286.56
79562.60
49021.92
67988.40
52542.30
5779.71
58608.09
52465.47
77873.66
48240.73
55305.27
84767.19
17738.69
10734.88
40554.63
59574.97
57922.47
59077.20
2879.62
91747.34
8923.58
1790.94
40047.87
20879.19
97500.77
91590.72
85236.91
35880.71
58317.22
27353.93
35641.40
11763.22
86619.98
61268.00
6959.17
75819.62
37892.08
40840.86
62193.73
45386.82
85414.79
40462.22
88210.69
4377.74
71677.52
62203.16
18485.50
10770.32
14572.89
10541.45
25480.23
52241.07
54314.46
70700.15
31086.64
92130.62
52014.60
45287.06
8573.21
72928.86
75860.07
28922.40
74473.58
69467.06
35822.64
25542.24
93853.88
9004.55
52842.49
38065.27
47396.44
397.41
73421.72
85110.34
33737.51
39536.71
65565.48
24452.26
5496.21
83243.77
57008.32
87903.38
62432.59
8809.96
1663.13
57308.49
50171.92
1368.52
85230.32
36340.45
37933.01
36285.93
5904.54
97784.13
73697.86
48760.28
91116.70
10996.15
40260.25
7814.20
36248.50
79227.84
60590.74
36869.82
76257.23
41499.05
25955.55
48093.22
26148.18
18710.20
45226.89
82695.99
51232.18
8680.10
38822.14
74381.24
53105.84
59797.14
25709.47
78121.70
82291.95
77971.10
76917.38
31457.29
13477.49
46573.40
33985.61
40499.81
44286.83
64053.08
15794.98
7832.06
3527.58
28915.97
62213.62
44489.09
79846.62
26754.81
87997.15
33208.89
6733.72
99017.50
45380.19
35140.18
64810.38
98201.20
18796.85
57194.68
87341.30
59159.73
167.57
22231.46
79906.05
41211.72
18189.91
9260.81
90168.27
20736.99
20070.73
55855.07
88680.20
38948.86
29137.27
39954.13
46659.73
34529.57
26764.61
83252.80
21677.68
15816.59
32057.12
43357.85
87192.70
52227.19
77721.24
86902.01
66871.34
89608.76
5567.15
60802.50
59630.76
19202.43
30076.96
3851.62
66341.65
54907.52
43476.66
65826.86
54128.74
98534.18
60749.61
26308.02
19206.48
97731.84
28028.82
30388.90
34187.42
26281.04
42805.71
83470.99
90800.71
41435.86
59392.80
72326.71
73958.24
98004.81
78077.66
4619.67
28105.98
23857.37
41406.00
84069.46
1797.93
86543.89
86030.90
63448.48
81430.30
5716.24
23566.21
42598.31
50073.25
91036.73
48881.12
3653.07
32337.83
10262.86
99273.82
657.36
11215.64
17195.27
12961.45
45766.22
27828.50
94176.57
60323.99
59214.60
25.94
88828.37
46339.61
75243.85
20767.71
49714.12
7648.84
21172.81
22229.06
90615.25
52685.17
11800.86
16566.05
38108.07
18309.63
26330.54
49278.66
42128.93
41386.67
59997.16
26108.93
54215.25
68738.99
67593.02
99411.86
3109.68
53918.82
41073.57
24936.34
22415.20
14233.04
88433.13
24953.90
9988.41
46459.72
6037.72
18672.47
23758.61
24693.63
61602.28
5872.86
43660.17
28758.03
30000.05
14705.43
54365.73
76620.51
49091.41
49584.32
28507.56
59250.13
87759.73
116.94
15074.85
1353.51
43341.87
97006.06
62674.16
96427.34
10640.57
25862.02
32340.70
89564.75
89706.43
34862.73
79587.95
6453.13
24576.97
97198.65
10382.91
52000.81
90160.13
14240.58
40734.81
27030.23
69449.88
70367.49
14584.44
36474.90
88261.29
75392.09
59681.90
87517.88
99672.71
55521.54
86140.01
1109.09
35362.41
78790.72
57351.11
85299.03
66027.29
25905.84
87954.55
43826.47
38071.12
42435.54
48542.52
18397.46
78749.79
33287.19
81791.64
88093.33
86961.11
85405.94
59707.81
74345.03
51866.64
29633.77
36671.92
24911.39
66533.07
77666.33
77973.71
75298.83
28780.54
95044.87
68521.57
11059.92
46425.63
96120.83
31415.45
79408.39
89106.30
71930.59
11070.71
23588.00
53876.32
86917.92
580.15
38432.87
36756.85
5441.50
18001.86
70556.65
27432.45
34005.17
61260.33
11608.20
69279.15
90148.31
96348.37
58031.05
51912.10
33933.89
58517.29
35764.35
28440.14
22971.63
71142.85
13322.71
74615.03
76913.87
11954.56
51692.44
32062.64
62361.57
81315.64
64481.68
2783.65
34117.99
52241.36
86761.97
87111.34
93727.49
6843.17
76038.71
82313.90
51237.00
88886.02
93788.00
84028.72
1117.67
27146.52
40997.45
57716.26
48284.13
9259.40
46148.33
72320.95
45148.97
10739.72
29076.65
13326.61
25649.80
8868.36
89150.69
17393.88
47186.56
36128.30
91202.33
95767.23
76406.35
52879.19
47649.92
38638.95
79773.59
43957.67
20249.96
17657.72
4862.67
68891.03
89915.20
28769.15
63310.87
20411.57
68036.68
42575.91
51368.89
70959.32
47747.16
54404.90
68986.56
11860.50
18563.45
51268.85
23371.13
14869.24
92845.14
37910.07
27955.86
70760.17
17507.27
89113.68
32716.11
84659.15
69424.35
20477.86
46770.71
32799.94
57963.35
94828.64
39205.90
10394.01
83083.04
6466.75
29059.46
25301.24
22437.29
10433.95
402.55
17188.83
45919.72
88986.43
3456.56
6866.03
81087.30
72462.76
27682.82
5482.12
77900.32
56733.78
57782.26
38275.21
46216.33
84422.13
48542.87
62559.29
64475.40
82078.75
79472.28
84637.07
83014.33
70503.92
75152.92
5326.12
70447.30
90400.33
2257.49
48785.76
76550.38
10545.72
79161.94
54332.22
10087.41
10672.48
59093.66
35929.66
55014.89
56241.84
72752.36
39044.38
73503.23
7300.07
41341.06
49549.87
69211.83
28604.20
95944.74
34370.11
9255.69
93204.81
64194.20
18548.65
28300.85
96673.29
10152.47
28431.01
63226.24
24161.20
38361.51
55647.82
91789.50
37479.10
97986.43
21586.24
73734.10
74382.47
47995.01
47037.22
17775.44
77252.07
69309.73
56705.94
22903.39
93356.48
34870.04
73273.14
67438.60
13884.00
73542.32
80694.66
44280.37
43931.71
88814.90
61426.78
65783.35
20639.01
18215.77
37264.84
86700.62
21653.17
44390.54
68482.65
18630.74
31114.48
93777.88
90960.19
34406.18
55348.33
83820.29
95987.05
85860.64
5451.96
4647.40
82429.19
83412.80
88963.08
46169.51
35946.46
10903.96
77798.16
6518.72
14948.45
74127.08
44647.65
42775.29
47976.03
6484.79
85015.82
49916.56
72196.24
80213.70
67092.55
78926.14
67697.96
96612.67
76644.70
30000.64
67275.84
53712.55
49114.51
81791.66
46390.00
14824.69
6112.50
42620.36
22989.04
26405.98
38492.43
34602.25
21883.82
58677.73
3195.79
46619.55
83359.53
67435.95
26053.30
17078.80
20713.51
490.62
27730.96
32391.07
56406.38
97171.24
15008.14
52112.34
91513.97
54336.37
4575.15
96681.56
88167.47
57324.58
71537.94
58693.78
69669.40
99284.29
39817.19
23646.09
67972.88
37319.94
56629.59
11093.56
73211.66
58892.24
18238.53
72152.90
64968.40
56909.62
39161.86
4291.34
29968.79
36948.79
82024.19
69338.02
95888.91
5041.50
90241.26
25655.70
35963.40
9465.40
90723.70
10409.99
24081.85
34976.17
58788.04
32873.84
45061.09
72918.63
62462.02
64704.57
89780.63
15654.20
28372.12
38131.23
89868.96
48742.31
96400.49
87989.39
71628.11
39313.23
55298.99
98541.32
33883.98
44069.73
76447.75
41018.65
79449.98
85355.24
87945.70
12825.25
54891.44
68725.84
56220.72
14337.81
78278.26
40463.70
67346.76
24241.49
59613.42
8469.42
25255.49
59338.28
43624.69
74970.75
9030.07
29765.55
29607.19
54485.27
56468.29
25562.12
48004.17
75474.41
66102.90
95519.68
98413.66
89126.42
34866.39
4256.68
78708.25
33705.74
73587.79
78452.54
59955.83
27906.28
67509.08
78179.35
86828.49
91646.06
74008.52
54268.90
8187.22
17740.86
74718.60
77652.20
67529.95
42894.13
24226.00
51609.31
7990.29
91440.94
62541.05
42866.69
71574.63
90283.29
83524.25
92479.81
97324.92
78454.28
76457.34
92438.36
48094.86
59748.74
82946.33
38931.61
20626.78
71857.77
36344.15
98211.48
18616.80
70444.64
75880.26
45990.74
93455.83
51599.64
52684.84
66313.81
82333.82
61111.32
69894.97
20837.82
98394.75
63991.65
24030.39
24461.22
52629.99
72692.53
39826.24
88237.66
12197.34
57451.28
15710.36
15512.40
24853.47
87202.52
22112.63
62219.00
64186.99
74493.90
19793.80
97273.56
75339.97
22843.31
90381.42
24004.19
25905.10
99974.96
96300.21
48553.10
91686.20
85371.86
12284.55
6188.85
32009.53
65582.22
95660.45
81466.30
34273.29
75717.24
87584.55
83171.62
32423.03
10577.86
62427.70
59990.04
29040.22
53847.82
67490.50
67833.75
75731.69
98790.73
20238.41
24767.43
91507.29
58888.47
55243.92
14468.90
23833.36
91858.53
38023.20
24162.53
82049.50
85487.75
87954.78
27962.72
97836.08
78719.97
77467.82
51565.05
92420.06
16435.07
99687.36
79222.62
55206.57
61356.97
21724.10
88945.01
63523.78
11527.92
65796.24
26857.42
98168.59
96786.85
85370.84
56657.45
34440.52
52689.01
28512.21
45107.04
13351.45
95304.54
5624.81
69497.09
22698.61
45333.50
3778.23
58022.20
42688.38
74974.73
14801.65
99003.06
35798.33
75986.16
69335.35
79894.08
85565.05
72374.06
94026.80
42013.54
13985.30
26148.58
34058.66
61934.04
32217.91
9583.33
8196.46
95470.48
4273.95
42416.31
88543.21
45203.29
28382.71
17429.70
22188.54
37474.27
65720.94
62846.13
36939.96
19792.59
71192.90
14978.82
98323.54
14588.45
5948.62
99573.15
10041.72
90251.91
36328.05
45277.07
75075.55
35394.36
48918.42
77678.05
59619.08
47270.15
36412.36
67343.74
27033.16
70295.87
33954.35
30304.26
34006.35
45604.81
10662.98
4413.19
6110.38
57574.04
46016.39
50025.14
34937.52
88261.68
45788.58
48427.07
64007.62
15691.81
77223.95
96461.16
55632.13
16924.53
28137.68
20776.47
55922.60
61848.70
19629.30
60147.10
131.30
8634.80
27097.15
89294.16
25511.28
36785.48
89241.01
82649.24
83883.58
78721.27
9740.61
41496.73
71098.83
35838.88
81297.37
32932.54
15580.97
89979.77
86726.91
14076.80
93140.52
46246.26
56789.87
39977.83
60244.78
68102.87
89448.52
78645.20
22932.70
90700.29
60236.60
81648.99
83561.62
23359.53
78430.00
83723.16
32573.72
77153.67
68705.69
29810.15
77469.33
78524.84
82976.43
52984.50
26174.88
54873.78
72088.77
51692.86
66992.88
3059.65
72071.84
39747.83
12321.34
76747.40
84624.39
67513.31
98330.35
53540.33
56527.65
37718.70
57783.08
67835.37
87671.45
64339.49
8188.87
20338.38
22381.12
47981.81
22475.84
177.29
3732.68
66208.36
74370.52
80550.18
95543.78
2243.22
75672.03
73846.21
1728.00
60493.10
47608.29
57176.62
37699.84
42322.50
93461.72
4253.33
33518.04
80520.23
64652.02
84552.84
73454.68
55894.92
37463.50
15702.65
1677.53
44436.84
42604.34
80027.91
48733.24
68483.69
14785.51
41195.69
58518.75
50327.77
54506.59
21894.46
20428.50
91702.07
19236.28
28486.16
36364.96
27582.77
86174.77
33568.46
77299.87
27745.61
53785.77
52384.67
9073.85
44513.73
74285.48
74018.82
92121.68
30134.33
34276.21
33313.38
84810.97
72221.83
25711.85
34447.14
5081.56
20704.88
74383.10
62110.73
30073.18
4714.76
18109.48
41217.36
38428.93
62852.76
51826.13
31086.10
24962.05
35273.88
81752.39
65035.46
42373.41
91024.51
55830.11
71324.51
49707.34
89071.43
62618.91
36379.18
72233.25
96459.85
15835.94
96241.28
2440.44
12037.70
66727.71
67177.62
96833.80
69183.94
11461.48
51386.77
48217.75
15978.22
85723.63
78741.03
38155.91
96249.49
63712.56
70501.02
99294.17
79940.95
3713.68
35940.43
42234.41
16229.00
7443.88
37818.46
26646.55
7833.49
85353.00
87637.33
81306.48
29956.95
45069.94
56622.58
2747.08
42290.22
45180.71
13363.40
87210.17
67521.95
81526.03
24050.66
75586.73
34789.53
98205.95
76250.15
16032.79
11508.95
40479.08
12148.39
73948.74
72020.99
91743.73
82208.66
44009.33
76491.43
61788.68
55174.63
43932.00
58502.54
18500.92
45359.21
94670.96
44773.58
80217.97
43156.02
16724.54
55447.66
10912.18
59711.02
97243.40
58382.49
85394.61
21691.76
7626.90
75882.59
16725.89
77091.89
76295.39
67310.35
63021.67
98008.20
46325.64
36013.51
55840.07
91327.93
72637.15
34006.60
17338.63
53263.62
38416.72
62843.70
58388.36
28673.22
95468.77
94120.17
74832.26
61102.83
58178.98
58040.76
84075.92
44489.51
5778.68
73491.63
69197.60
12461.92
72597.55
18053.78
22765.38
26175.91
30992.07
61395.38
7548.85
46622.93
96637.29
10480.52
76312.78
2348.54
10869.33
40031.85
17880.37
88518.54
79766.24
6684.63
21653.51
58270.29
74654.52
70269.69
77777.57
92286.72
23729.06
70662.80
55138.24
57530.44
49473.75
33637.94
24377.86
91075.50
31570.44
4161.98
18118.85
69974.38
99983.65
30568.24
45581.60
53097.56
87908.58
48046.53
3784.41
5883.29
99269.84
34887.00
52513.01
43934.99
70458.58
39915.45
45247.04
56403.83
30995.28
4557.58
33231.14
95093.95
92805.91
27969.54
84877.94
40227.83
22798.80
48672.50
87690.78
78809.35
78429.85
41128.58
24893.25
56521.97
10943.49
50695.64
43953.42
89099.56
65976.91
15398.56
59190.02
44107.46
36215.13
47954.37
55648.17
29071.08
45784.26
76488.81
86432.15
46889.76
71070.65
67381.78
80682.71
4473.23
27653.20
78679.23
4386.34
85538.23
78036.57
17508.89
41204.21
23502.83
39872.57
99937.47
85507.99
35415.84
99357.42
36706.77
64810.30
2858.92
59492.20
93286.11
33777.16
10758.85
77894.17
97678.78
7009.97
80047.41
73846.33
94419.83
22784.51
55106.50
9272.72
68202.76
54934.53
31935.79
73327.08
85572.64
15067.25
37980.68
25282.26
28123.17
12298.53
99557.80
75407.87
15635.04
62695.02
57815.67
8523.77
42593.33
65610.74
19168.12
79916.83
76521.20
89105.90
51137.75
38308.44
91567.57
31635.03
59547.10
55560.30
35786.16
52192.32
7994.96
67806.07
55543.45
86101.34
65555.37
57696.20
25493.04
88636.96
93636.74
32443.59
57553.92
73666.62
7938.60
77357.52
87330.17
39498.76
76443.62
89553.40
61409.52
99125.75
39382.14
21525.72
73978.34
57048.80
62106.96
89271.88
26190.56
99872.48
56815.74
24654.20
6727.94
92856.24
34058.57
76687.81
16989.31
99610.41
69968.20
91441.71
89346.18
67124.30
150.43
25240.77
71902.22
43313.84
76172.10
70855.81
78194.25
19276.16
45584.37
1369.63
25272.04
13438.80
41418.46
61406.27
8594.54
39790.91
92091.77
60410.98
87180.06
27383.94
87661.44
47668.57
77447.79
83289.47
63363.24
73747.50
79188.29
16201.46
86373.01
68057.27
82100.32
62870.57
56728.30
87206.52
26331.64
84558.06
58347.66
13849.50
15461.17
25696.64
21085.07
10708.32
5360.09
51945.91
79757.07
59458.37
17369.31
9829.79
41079.97
39164.68
49230.91
75143.52
94454.81
23956.42
82210.87
82317.69
27537.39
4627.26
7850.83
51926.74
32531.02
63849.02
22786.23
58529.58
14139.40
59686.05
65068.25
6029.66
35117.11
97097.89
90427.30
2742.15
60355.40
92117.79
11915.36
53355.56
85440.43
58394.44
51364.67
9975.50
60621.85
70784.46
76100.43
49437.85
46128.95
85683.28
19344.79
69079.08
59771.94
22781.66
7749.89
18151.01
2765.98
37935.63
44497.17
7067.63
74715.26
41837.07
21400.63
61671.50
13694.83
44172.74
58451.55
14707.10
22367.52
27958.90
94242.07
51688.76
66073.53
83739.37
75705.13
53350.60
53830.21
58334.29
20608.43
1866.05
38179.46
97827.19
51239.71
43024.33
94820.30
89477.80
22720.92
21551.50
67964.10
32248.23
94388.89
31763.54
92349.94
90629.81
17679.85
50738.97
27857.67
11458.33
38955.29
46198.44
67656.11
8404.97
40706.90
76278.99
5823.86
43830.56
69577.69
23390.15
75380.34
62690.62
24637.26
29339.74
92664.46
58178.66
4348.25
23916.62
68998.40
73795.27
35661.85
64117.97
75574.12
71530.49
33679.67
26208.62
72499.97
20846.98
65319.48
17799.92
37944.98
88151.45
15422.42
2135.60
58318.32
31441.85
78739.05
51772.25
65421.38
29817.92
26231.88
73841.70
31510.03
2542.43
19131.73
74083.05
58204.55
97340.73
69185.56
51831.64
20184.65
52626.15
68533.15
43152.66
49607.27
63338.55
37650.26
54306.67
72184.40
5083.79
64795.61
52734.72
30858.62
96261.36
35399.31
7750.52
58013.84
2867.88
74830.23
98127.05
82158.59
15663.85
52979.69
28765.32
80019.58
54391.17
24099.16
23632.58
9982.83
78728.93
329.26
87157.56
87819.97
10675.04
82357.76
51270.32
90637.29
98041.08
95643.93
50274.00
99984.77
73747.96
5646.80
90736.26
20062.94
90609.84
10494.87
8587.62
31964.82
36293.90
34534.64
30614.37
69890.47
58143.26
71195.65
82533.57
30271.78
52550.81
48609.38
10837.47
49744.91
98571.28
16419.50
10595.08
12907.78
40459.02
77221.14
76398.18
75800.39
48819.21
11066.44
18639.42
16045.12
15059.69
66474.14
12309.91
45584.81
58831.18
16380.46
70503.84
46955.94
53143.25
2468.96
59817.72
19034.48
96843.54
16316.77
99831.49
43191.92
89147.82
90794.72
13859.33
5798.89
85908.30
158.92
23157.37
38014.00
42307.69
92271.22
1776.01
58795.32
71666.61
1386.04
34244.24
32072.00
75051.72
14941.18
43273.52
74013.56
21372.15
92789.98
79668.62
71334.35
82651.76
62312.41
91633.08
96570.62
54164.59
37842.55
15656.66
31267.80
14121.16
37849.99
56172.29
33015.38
2593.03
98312.65
46170.11
7267.04
24363.14
5718.46
5956.03
69883.29
5389.43
98133.50
42242.27
11334.44
57569.24
7774.01
54757.48
98501.07
31492.03
43519.82
42563.88
75009.74
61867.79
36806.68
27268.96
46041.37
35318.83
99335.01
35319.13
58549.70
35222.30
66032.53
6562.96
12827.49
43291.00
21708.32
21271.50
66357.82
2579.95
34835.81
62803.01
15888.05
71606.31
46902.09
58099.81
68664.00
24269.98
90761.21
63204.65
38761.68
75262.59
36428.87
85984.07
29454.27
35652.16
87755.98
63246.35
87551.70
28331.15
78418.66
34441.45
40650.43
18015.20
40662.15
79130.48
53230.82
35480.22
45236.08
10412.22
62539.76
725.22
35958.72
41494.19
80195.83
74748.41
7347.56
67595.68
70454.72
94624.15
98753.84
30370.41
41072.25
71568.11
3438.50
57036.11
7702.60
56678.22
16026.99
91398.75
17769.10
4038.95
66780.51
58958.69
44745.26
85876.32
16121.18
33286.45
88783.48
39451.23
7848.56
95855.44
44628.78
50378.53
4485.14
6519.30
22755.34
2059.39
53188.17
26821.18
34663.13
45914.47
55665.48
63322.62
78272.14
72105.37
40532.61
23139.44
84351.91
85431.80
61548.92
98872.15
9923.54
16092.14
70170.08
25118.41
89572.01
19994.64
35854.45
73755.00
80606.07
48307.06
12560.90
80176.86
63003.29
90931.98
74875.51
17680.61
80077.83
23595.39
72204.69
62180.13
30808.28
13236.15
74472.21
14441.67
49763.21
61383.65
7757.58
72025.99
35561.86
90211.26
3313.47
68125.05
13807.51
953.11
8399.37
19480.65
45430.95
59371.61
32369.27
50572.75
16381.69
87963.23
26450.73
86264.66
69604.22
69590.15
20652.79
30092.85
65237.02
92225.07
66240.38
70388.82
79971.71
89496.90
57212.59
81420.41
81509.80
56724.72
29222.31
11740.20
39054.62
47127.42
59374.84
76928.44
55775.98
77896.78
15342.90
98918.00
34184.89
821.20
27235.48
59088.83
10355.96
17147.77
80658.19
57319.51
17934.98
41370.13
54402.42
94183.27
67869.15
43629.57
51201.00
18476.08
54797.48
25416.95
94987.71
7264.22
26038.77
8262.86
93098.16
70639.00
74114.86
40103.63
86849.73
98365.83
38746.45
49010.54
38937.68
90615.49
29259.12
98969.88
31085.40
39964.85
3336.97
27401.21
70385.92
56854.61
63061.49
69101.53
27772.36
55691.62
54172.95
96302.56
57054.82
43783.20
79492.11
29529.00
67961.13
80290.98
62439.48
98944.85
51619.05
97391.82
21589.74
60875.72
81917.33
833.20
42198.88
99194.30
41183.22
92070.69
55641.42
66256.60
43613.85
79174.93
62695.34
43076.57
54899.05
68695.63
61612.16
23426.41
31473.05
55670.14
66909.64
51550.19
27832.58
53963.99
29824.66
68178.27
45358.93
34131.05
96363.78
44529.96
21081.34
60980.59
63888.94
8992.05
79819.35
48039.05
22175.76
96160.45
98141.53
71093.66
89882.09
72932.84
53578.15
8005.70
82364.17
21339.39
57525.23
96980.77
71777.92
82799.38
95277.44
30483.58
25402.95
93491.10
21627.57
26984.78
33126.66
65522.47
85469.69
47727.30
60026.04
93589.98
81843.93
50699.76
84984.62
91813.44
54859.98
99004.39
11282.07
90433.91
99937.12
65806.96
60093.93
47062.56
38798.14
3056.27
82839.07
52167.68
65654.58
66160.70
53312.19
33487.52
88020.99
11809.18
25539.12
89056.45
10595.53
11124.35
68292.16
3531.82
35644.48
45335.10
12203.10
27509.18
78328.20
76156.25
70411.45
24513.23
20405.92
8062.70
18685.29
15352.07
50757.01
84645.64
45952.23
74522.23
66156.13
86238.28
11178.13
58351.98
30739.74
20998.61
67530.88
69570.43
17601.63
26636.70
39766.88
87989.89
80954.73
24974.03
65777.70
21989.04
32296.88
96522.33
38234.32
60484.34
19018.05
67269.50
7266.60
30077.27
28886.38
24859.98
30115.39
87064.83
68850.71
6357.27
78694.78
99000.80
91596.94
24775.83
41001.97
95495.31
68295.86
26570.18
77312.40
92940.19
30979.83
97268.37
17097.46
22847.58
32985.93
57437.62
7602.32
18489.34
902.95
16169.36
50021.55
39524.73
76459.85
74271.44
84209.73
39303.90
71793.05
94354.73
7864.87
4534.61
86530.23
80001.89
41121.87
21999.75
60127.92
31205.55
72493.69
52013.21
57900.57
68263.59
47097.69
13301.40
14178.53
41318.95
83104.58
8998.16
81032.39
67731.43
27347.58
48440.43
56001.27
64469.06
86029.16
44452.14
87262.49
67706.50
91463.02
90803.96
79680.13
56817.95
90788.70
49536.29
50170.08
24952.08
67596.29
2833.04
5818.86
63376.57
32398.89
49133.69
43193.99
51779.54
42890.15
48171.14
92283.17
71715.68
39924.49
44622.80
53499.88
85384.26
10157.50
25062.53
1192.92
46926.79
11283.99
87900.83
52097.36
38431.62
20811.13
31000.78
22164.33
47833.12
94304.36
86657.28
20207.27
30892.89
44043.35
58627.13
51802.11
24450.49
74025.69
40897.29
31878.79
3131.19
32255.70
22879.00
29441.71
96698.30
66255.90
10715.13
92856.65
10237.43
92738.64
19388.36
29141.48
14360.44
17375.40
15317.60
35698.35
97616.23
65601.23
14130.20
7924.83
98296.25
10391.83
63297.49
71141.32
57821.88
7950.83
64320.99
10272.48
62901.45
77244.69
14157.04
95720.07
68644.25
84322.77
70567.07
28864.60
19819.06
17360.05
71081.31
55633.47
12444.75
63360.04
60263.12
21573.00
62900.37
22455.26
4961.70
66861.85
76742.27
20742.99
2240.58
84703.34
34415.83
7593.60
9669.32
91534.23
36049.10
48369.03
52666.09
82487.31
72516.06
48488.99
88578.45
70545.50
14956.88
69782.26
32189.95
32824.79
39942.71
25060.67
72340.01
12423.60
32472.52
61853.23
34344.54
49276.08
33989.44
71237.90
67904.93
38446.74
27604.17
82708.58
65192.73
39304.06
77712.86
31014.63
38797.66
84010.52
66197.12
5910.73
14226.38
58766.40
92393.45
20754.19
16639.56
56245.19
29019.78
60887.60
56514.72
22657.72
51246.50
97743.99
43922.35
47882.80
81099.56
79612.27
86102.82
72101.78
14383.05
35000.20
48031.56
7374.40
22308.86
49532.65
80660.01
97593.69
45020.84
2322.42
46519.93
65257.20
19201.00
72751.23
97378.34
18492.10
6945.24
53598.41
83630.90
16771.79
18096.12
31454.71
120.98
18761.34
43220.16
20358.75
98072.01
60729.34
39417.16
59593.69
17820.69
38963.67
36149.04
11581.50
22038.36
94628.73
53275.78
20812.39
34128.26
24501.43
48485.76
19746.95
11486.02
66023.78
36308.28
92628.33
8310.92
30109.22
45895.54
33142.25
7655.49
80140.44
9761.59
56862.00
27400.80
80596.11
665.95
54416.16
29845.14
63743.97
58829.14
96316.54
89593.36
87837.84
76667.81
25383.65
99434.62
85256.10
33236.85
97707.46
18895.81
24018.97
95566.11
58080.68
95158.34
31122.27
29079.04
60842.32
11025.60
51125.08
84280.98
72068.82
39628.86
38428.77
51904.38
14050.39
10558.79
6684.98
3698.61
37989.96
17110.37
83769.95
61051.81
35862.36
19328.54
45762.86
58632.21
27371.03
22542.11
28365.42
95236.52
82940.03
36073.51
39200.52
89032.89
68678.61
41811.78
19427.19
79385.83
24255.99
27336.34
28109.52
42450.68
9623.71
63279.04
47776.92
12725.16
81523.30
29612.03
34613.38
27745.40
85716.39
20548.88
61713.06
38113.98
75875.19
82746.45
28839.79
50047.61
95070.47
66495.11
37128.06
92631.72
80794.76
94584.69
52162.77
26969.61
79458.22
78533.76
3875.54
39413.70
81294.63
36869.60
96694.84
86066.26
11615.05
95146.55
28387.52
80737.13
39346.65
72390.12
41029.28
43546.04
88794.17
83654.30
52541.54
52356.95
65561.59
13379.80
42232.22
64231.90
32571.34
39240.39
88777.91
99091.87
97118.83
11165.20
84084.92
2772.24
94899.48
15224.17
71466.85
31660.23
81946.03
77064.34
81575.89
26101.85
70413.42
84584.43
64525.71
64765.96
69148.85
34535.13
41643.12
17152.80
14984.54
32732.80
25286.17
36434.54
5690.58
2573.81
80166.22
59815.44
70525.49
81537.24
24611.35
8598.92
39321.90
10363.37
95208.68
5149.30
96044.88
44595.42
23263.11
48935.45
27760.50
43172.04
96509.99
18844.05
4951.94
13758.19
4519.14
93949.84
54120.82
19501.67
91227.84
9930.41
8611.21
76903.02
63040.19
93313.05
48593.72
99486.19
25930.36
40741.10
66147.28
66957.42
49987.29
35447.30
16376.13
24540.05
84838.24
18121.78
40499.39
42172.40
74388.84
54361.95
71850.82
88256.66
44316.94
65892.00
60726.21
97645.87
60757.92
17739.45
79015.99
38556.82
83618.91
78556.12
90560.44
8096.12
62959.39
96271.29
98165.04
11087.15
51875.72
56264.25
3213.56
1885.23
34327.09
14243.94
38816.21
93868.57
91340.30
21023.17
62430.51
66292.52
54031.06
81374.76
18892.28
23194.65
16879.10
14157.32
9794.34
84037.99
9694.71
5897.97
30150.27
10780.17
51714.27
75019.69
58280.93
1055.75
36262.01
88900.57
9861.09
2159.42
19415.87
952.76
92063.69
25517.43
11114.65
99908.27
18739.29
66334.77
92144.06
88499.47
72568.19
58105.69
5439.27
33721.46
25122.68
16675.00
95141.26
55864.12
50776.93
53537.59
91844.64
48501.10
95402.07
63063.81
67474.36
46623.34
85783.93
13338.05
8228.82
85104.70
90700.92
95298.21
79026.89
14687.01
69599.52
9863.30
77896.35
67672.24
69805.04
97736.99
3741.23
90509.17
58204.94
41574.30
85925.49
85462.10
98342.31
95199.16
49110.77
28549.03
8857.09
19560.19
11785.35
55937.01
64212.32
30112.33
41922.14
35981.84
23643.17
85311.70
18203.07
69099.98
99266.05
70911.23
70247.34
82659.86
99285.41
59744.63
96281.09
13080.26
7235.64
51686.08
81685.99
92323.28
83195.72
23473.26
66864.23
80969.23
97913.97
43081.09
37857.44
15061.17
35780.42
28333.81
38156.96
58906.38
27584.43
54442.82
25143.06
81022.43
98994.87
40157.82
19590.54
95415.23
45700.55
67218.69
21678.31
35376.69
71148.21
12795.68
91940.24
51989.28
47815.74
99605.38
20595.05
54525.28
87958.03
93389.97
33692.50
34927.92
34762.94
2447.26
9513.60
43562.16
9855.03
58898.98
3662.13
8422.41
78084.32
86384.88
6285.06
14984.85
15537.77
83870.09
79859.49
88891.76
91710.95
80253.32
50983.37
48655.37
1777.29
39463.23
54607.70
20568.73
9892.53
20730.71
54147.60
33011.18
89471.83
23724.33
85909.81
32335.73
71377.03
73236.65
1274.08
87526.12
35951.53
23108.74
5065.97
75810.76
9840.41
84080.58
13558.59
66421.35
53533.10
5254.65
80540.67
44683.37
50566.29
63860.32
64888.59
43626.26
34324.49
43006.57
38079.85
75300.54
13375.65
2110.43
55085.35
78989.46
81279.61
69688.75
37078.17
28502.71
21806.51
13200.70
39396.19
65739.67
45503.02
65628.60
3196.15
52709.64
18543.62
13484.52
14236.61
59196.67
69804.58
75930.15
17227.34
28256.36
87098.12
29697.41
59182.55
86732.25
38504.17
59497.47
60215.58
92979.15
79737.30
38605.38
35212.50
38981.13
33486.35
69308.12
14822.10
49051.43
51664.20
37903.39
39199.76
42301.93
96505.10
63936.60
22942.78
51069.72
1447.36
48363.80
14654.57
12488.06
97738.45
50327.74
99575.28
75389.56
17700.48
47234.81
18716.32
89728.69
10593.18
57820.20
2936.27
70711.49
32012.12
32888.88
45395.75
54819.69
92759.54
43419.86
60828.61
89916.94
78125.37
20721.17
5067.12
26624.53
73515.89
28323.26
53258.50
3154.18
57367.55
70298.00
60210.40
40785.28
47283.44
65691.09
51302.73
92174.27
10329.91
43755.23
17403.47
9683.47
73430.89
39671.55
12225.82
25916.99
94797.29
95446.79
75564.29
63651.12
82329.14
95673.85
30847.20
17346.79
69927.82
92843.03
30443.09
73431.58
87655.98
1891.61
47158.46
61538.70
86682.62
68679.20
35364.57
53890.55
4950.78
42076.33
10190.47
55014.29
84505.46
4353.89
18220.08
48976.96
76419.14
39560.79
98130.60
96327.59
94252.48
44577.44
54709.82
97933.93
1987.65
12532.51
94689.90
67901.06
47371.85
43270.42
97834.99
82759.71
76608.49
60557.18
21720.29
99111.48
91333.47
40712.01
63640.02
56918.64
33814.19
82352.13
28081.75
10625.94
11308.67
71938.50
73204.73
55302.01
95522.30
24809.70
34759.51
39987.72
58099.85
6391.67
50886.54
85439.10
28090.03
63270.73
36231.21
48452.29
82320.24
18817.30
78812.65
99958.04
4619.01
13048.00
58084.12
9073.20
74823.53
91413.50
7622.19
50296.78
73509.92
72199.63
70882.34
76038.02
13383.57
47229.27
23458.48
21664.01
33267.21
95552.55
60283.92
35254.32
15624.08
14812.83
71211.16
49250.14
13553.78
99975.92
53408.14
36185.55
98198.30
24110.14
34008.39
15688.18
62495.66
904.59
1452.60
4937.03
42218.72
33613.28
68959.05
29764.72
40236.69
80112.49
18560.49
38591.85
64936.73
88758.92
99144.92
86380.83
18743.24
84736.13
76937.74
80796.81
97672.33
11576.75
61862.87
7763.05
87858.87
57547.99
58220.20
78598.40
69993.81
21587.90
13117.04
65924.27
67609.03
98479.97
61090.85
20528.67
147.45
87953.42
88361.03
86374.71
26755.73
57396.86
65146.98
55941.22
91737.17
12872.67
19490.11
33082.84
7602.24
58119.70
51017.34
95597.14
36654.27
46231.77
8083.37
74686.31
57047.79
53699.32
76729.42
93500.88
24257.07
31502.06
54895.92
31952.91
63892.24
12939.69
10326.53
9986.29
56800.64
82888.53
45601.10
6491.49
2390.77
38171.39
18735.05
56052.46
71116.44
93728.22
92782.64
90712.90
82058.56
14275.06
12881.62
18949.72
66542.06
76138.73
34176.86
59040.93
3725.51
88954.83
49060.29
69015.57
39100.87
31916.57
87164.85
40373.24
21840.89
84261.75
86549.75
47760.58
21931.70
54685.68
59514.69
71792.32
13028.04
39367.23
1480.48
37204.36
31968.59
63295.80
16373.56
33526.40
50889.06
84586.47
56951.95
10461.51
22870.38
66470.97
3510.03
65160.40
87059.51
46651.92
29399.84
63577.52
44200.50
58707.90
26806.17
63096.87
38513.08
85236.70
91213.16
28614.72
6856.57
47424.47
87999.75
59266.93
81116.27
60728.04
49601.52
67988.25
54750.15
11358.12
76676.47
81091.19
49433.10
33250.72
41712.23
50051.93
42736.39
90214.33
18512.10
92690.71
42779.78
92940.49
85997.56
5934.29
20793.75
5565.02
79764.68
17347.92
37529.42
21467.56
89831.90
67624.40
24453.65
12996.99
28016.74
41217.57
5666.69
84809.97
13378.93
87307.91
71480.17
85510.40
49167.43
98287.66
39592.53
57277.07
89708.84
37952.92
64799.77
28167.16
20674.75
36590.37
83178.80
76782.95
1165.48
95145.93
1680.92
23989.38
41047.73
65663.02
69073.02
31369.86
11983.60
177.80
89163.86
11107.83
15588.60
85258.99
62253.04
76981.67
57155.99
4379.68
65740.19
91160.34
98385.02
95308.67
9831.70
86487.31
87550.67
94708.91
29282.67
68940.28
90552.19
87130.37
97111.54
29954.18
71278.11
585.01
71224.81
23294.96
94725.13
15891.29
9889.49
86171.61
51308.40
81975.61
16990.62
9274.08
25800.79
54318.44
3011.54
85424.30
59338.44
98732.34
72674.26
91528.17
77930.30
27659.59
75177.47
83515.72
85909.10
61176.83
77969.77
8957.05
47761.11
29894.20
49995.48
67041.61
6772.46
61936.59
65350.70
70608.22
13929.20
21194.34
63286.91
89913.36
65508.94
89031.00
25499.85
82825.32
72801.25
6635.66
56640.93
41131.50
12394.55
20207.22
78988.92
7646.60
30466.87
96158.30
77219.21
43809.07
99518.03
98526.11
54208.23
52453.30
50980.72
45777.86
83810.62
85445.12
32148.03
89198.22
71546.39
90868.12
60854.77
80046.30
59135.91
79448.13
76350.35
17669.66
33819.96
14903.66
9800.44
95762.89
28402.43
57909.43
22855.09
88958.11
22953.21
18360.84
87720.78
46935.17
84108.75
95626.64
7173.83
88238.70
2907.73
11477.36
97952.72
10989.85
17099.42
65377.13
85966.84
62679.96
28862.17
66826.13
86759.17
36233.79
53869.59
24441.45
69660.27
84529.78
62641.89
96463.67
29071.29
70564.88
119.78
32376.74
11313.31
95451.34
94398.68
60328.61
70480.62
71433.06
90560.47
40.20
51735.40
32109.02
70540.43
5890.09
25481.29
97051.16
44966.86
69862.53
20853.41
33004.37
27910.83
39046.21
31962.22
78855.92
30483.56
27371.33
95328.84
26562.04
34219.03
26272.45
61949.27
75218.89
30179.20
43964.58
12424.98
465.70
34719.36
28020.12
88597.46
6407.35
17851.20
50934.04
40124.12
52244.01
5141.00
63364.82
9433.15
70795.29
39080.44
44738.73
3494.75
21106.51
10867.67
5904.83
25846.24
42324.34
98535.91
23528.32
67308.69
1029.62
72367.31
10909.58
78832.31
49214.65
53529.42
54916.61
74908.35
35092.51
36871.80
73718.09
40984.87
33925.91
13820.32
75004.93
43323.88
91063.09
56306.60
19387.39
64737.50
94368.24
47670.12
18655.62
14640.35
18233.94
71470.47
23590.96
86856.06
6363.14
94147.25
81015.43
63614.96
85508.20
2465.15
64767.17
89180.87
27354.41
81681.68
10288.97
61544.20
735.57
45375.05
7517.74
15618.92
81369.11
52869.67
31762.15
96381.07
11298.22
75196.91
17256.14
45386.02
25228.50
95528.40
3075.62
49102.25
85946.71
55019.54
6106.05
22499.00
96008.96
80000.70
748.20
26325.28
77885.97
51453.47
10049.79
41517.91
39752.92
2709.71
37950.33
49175.78
69111.20
56310.64
97326.77
89538.20
21429.83
35963.61
13527.48
98404.57
95993.81
14534.09
8081.91
44432.92
16147.07
84010.24
92273.62
15754.95
56117.39
58377.67
25264.07
29344.88
81610.91
45341.85
16454.65
61579.80
96363.62
47835.68
76774.54
23428.86
11837.42
81249.74
48581.83
28708.85
82248.19
17322.62
68865.41
28843.78
72113.42
90629.00
45435.19
12565.77
48506.80
28602.81
50788.04
93994.90
15207.44
91033.13
63337.03
37535.46
30931.03
29970.14
10691.50
93026.04
78830.62
5978.81
94675.32
39581.15
79454.32
21677.71
2771.01
61561.67
64347.66
58500.49
35677.12
5111.67
52487.87
27617.53
5666.36
88699.22
96737.77
70955.18
85432.06
66098.55
92506.63
73250.24
12110.36
65251.17
65805.61
71077.06
76165.75
51443.29
82885.20
69784.75
49827.28
88237.28
48642.20
4282.18
34763.22
94594.47
85983.76
4607.96
33681.28
21626.80
13335.88
52223.21
75542.36
97415.01
62484.04
37964.42
49074.85
13330.60
3933.25
57594.03
24277.37
50299.31
71975.23
5886.05
66597.23
68443.41
6650.08
55184.49
73472.17
8540.45
54789.94
29371.80
87922.90
78735.95
97332.28
9185.08
68883.88
24947.39
95090.12
29817.36
22959.95
8397.20
70166.84
56741.61
27296.20
38712.13
65203.00
50694.83
98248.58
36026.51
47642.72
57759.88
85542.89
20526.93
51207.03
85482.40
96609.48
52875.82
71761.84
50960.42
80781.21
73951.47
59767.83
11844.08
28042.30
17341.86
76499.99
16183.11
62015.33
93030.05
6224.09
32059.33
31874.11
65708.31
41517.77
42941.93
32869.79
76158.79
83923.57
19702.80
10157.77
79138.00
27121.56
5229.60
25612.91
96202.79
14808.97
72573.97
92320.44
6915.11
90474.38
42572.31
6430.27
26863.34
81253.91
71876.88
31061.97
45937.34
83056.93
47334.37
11948.11
25295.09
39148.85
47649.78
29503.34
76458.09
29378.43
58272.90
17006.78
70973.25
12237.05
50444.87
99585.15
54078.67
86937.63
60342.55
33684.20
60810.78
67700.48
29257.91
51715.97
57990.48
87433.71
90750.16
41569.24
60525.58
72995.75
15707.98
15670.85
95467.21
59227.23
51259.46
49285.23
12257.64
33940.09
14467.14
92739.74
62606.97
31051.06
26745.75
87263.33
98436.27
14047.26
99940.09
39125.91
61324.57
16971.32
10000.57
31766.03
61897.30
35113.49
19193.91
80594.39
72593.63
82598.32
32786.44
60160.53
82250.20
59053.40
1137.70
58370.42
85938.79
92547.52
3141.50
37442.22
8495.34
50985.98
71952.31
6287.90
85177.92
39150.40
48934.21
34008.09
47891.12
23570.50
76770.00
59187.78
90414.29
52415.48
67668.03
74680.19
11071.22
62592.43
7604.12
92566.55
56278.74
91239.21
82536.14
18979.05
13411.72
33799.43
37528.81
93474.65
26421.91
15866.91
4726.09
72647.12
32648.32
70987.22
61108.72
62664.90
44256.38
41603.71
1974.51
30422.22
22743.56
45335.58
41078.64
47990.97
19948.90
73775.50
73371.78
50060.96
84003.93
15994.25
61273.21
9055.79
53662.53
23939.87
30416.73
57612.19
89447.14
61918.89
85806.62
13109.99
15048.90
7347.02
84321.33
83940.44
67419.23
94956.98
24502.29
62200.34
78990.30
21650.72
39565.38
32499.35
40461.84
54183.81
4572.56
51568.20
17591.97
6869.24
93701.17
78355.10
20429.33
81488.37
48548.36
59297.95
48424.20
86596.30
43408.19
98459.86
59855.98
78409.34
58458.91
67215.41
39014.57
90461.98
96797.84
33175.22
59573.21
44220.95
6261.44
13036.30
67590.13
57843.69
91968.05
79045.65
32576.74
95268.99
30520.80
73764.68
40069.58
22827.08
21808.06
12821.90
24143.79
65556.73
39339.22
80341.36
63305.43
80416.99
65053.01
46734.45
88200.24
88580.83
19535.98
63542.38
74576.26
33998.41
23588.71
15016.99
19937.88
60417.31
52077.07
31127.38
27328.82
24047.36
66006.26
91679.77
44681.51
84057.45
33754.90
76238.13
33170.30
38091.88
77406.81
39533.13
63006.20
94993.77
5117.98
17046.88
60110.44
1922.95
15456.16
90460.88
52104.45
68055.94
84650.62
67654.85
87053.78
52055.42
72689.54
56943.76
23403.38
5496.74
9202.61
40240.66
14541.82
89438.97
45066.23
74832.86
36431.91
6327.97
80668.90
78458.75
31745.20
14419.01
6774.26
77373.08
68937.95
16906.40
18919.29
22087.83
39705.91
42947.66
91285.13
476.55
43255.61
62769.72
20978.13
2929.31
30829.46
4044.65
78658.46
19246.07
8922.35
61722.44
26453.98
71955.74
24627.07
18508.28
89096.69
15748.57
81546.20
18171.88
89219.35
57709.28
59707.87
58876.36
82749.79
78038.51
37922.93
98714.08
55340.33
55950.06
42021.06
90637.12
65769.90
30431.34
67403.23
88969.71
47256.29
50554.70
49348.13
94690.20
2616.06
95026.95
79509.93
31670.08
54209.60
65664.71
92045.03
71057.52
34608.88
84483.06
67805.15
45992.98
28925.30
49084.91
30034.37
23844.28
4735.23
26038.71
30007.52
28148.72
90540.75
86931.91
46047.57
27449.84
88702.94
16787.68
44359.33
33216.00
33785.40
49532.50
75117.11
74028.71
32245.44
10201.92
2243.76
38227.84
44410.38
68572.15
90318.65
2201.45
94676.52
33904.97
97052.03
86507.59
20868.27
45493.37
44763.28
7015.65
98694.96
38695.46
69300.61
13254.78
2242.74
91144.21
69839.65
31156.79
86439.24
78820.46
7998.42
52381.12
2428.25
96676.67
29706.22
37409.28
81792.22
23499.01
8263.96
24596.42
50559.75
35695.15
32033.37
62367.31
58935.85
99695.47
85192.58
6744.50
37692.33
97654.87
94995.67
51395.84
17155.82
66143.02
43973.59
82389.17
69730.96
52510.31
70514.00
74841.49
61896.27
18617.08
6257.50
73650.15
26610.14
46613.68
23747.78
25493.55
92064.50
26458.74
92773.19
54288.99
27723.61
29863.31
68837.15
97294.85
93585.59
348.19
62195.07
44045.03
3604.00
14102.12
60895.12
45302.72
39207.16
91328.19
6260.34
84221.34
73852.57
62766.05
44249.82
26899.93
94554.03
21077.45
1136.10
94520.63
31318.86
11782.49
56936.63
24255.64
30432.87
43434.15
15036.56
11131.23
32530.39
21718.71
91440.42
48036.31
41386.97
37169.30
72090.27
6062.98
94372.34
61180.35
11687.70
22366.66
70500.85
30010.23
72457.25
87733.21
97017.25
21459.77
26288.80
51040.60
40454.98
53913.97
68696.21
82802.64
93104.70
62434.56
18030.09
64982.16
90830.46
31590.77
98381.73
99261.34
23171.00
89715.95
29616.16
50956.44
21663.74
94277.45
72971.44
70764.67
37328.88
63047.26
5661.98
61530.54
43251.24
30760.92
22923.21
82219.22
23197.16
35952.30
90935.14
6284.50
32204.11
67651.54
99062.37
76618.72
40080.46
26633.86
84847.97
24272.24
93752.87
80906.61
30198.83
43129.99
59398.87
20122.11
52199.79
37732.48
30302.11
38603.79
36994.33
86428.91
11367.67
1673.06
90169.05
87049.72
16235.18
74964.54
2079.60
77286.31
37926.97
21416.99
51555.55
46965.13
78968.90
95627.56
96421.56
84403.93
51921.42
90256.85
24272.61
24037.49
86258.19
14172.21
61940.49
87500.37
2529.91
7016.79
67089.27
35354.19
39750.81
19891.97
50377.21
71646.99
46945.25
16840.49
1622.47
68492.08
74792.04
76817.87
18410.32
2853.90
28303.84
839.67
60579.22
22728.47
66479.33
53991.93
79023.32
84905.84
59865.38
96992.51
92248.83
31502.05
41967.04
86990.59
9121.85
97448.16
15442.54
52292.07
21245.06
66123.80
99021.09
70698.14
13400.84
15322.74
26080.67
6144.74
65498.31
20737.99
30823.66
83330.19
44461.74
9153.93
82987.46
5018.69
9497.85
78533.04
57027.88
41707.07
79179.64
27184.50
46712.64
48342.29
33783.95
59202.52
61062.52
87777.28
51320.55
58361.55
62577.68
65652.54
690.09
47656.07
33686.66
6390.96
40408.49
76672.46
82355.47
24993.54
96335.16
3980.31
22794.40
74323.27
16842.75
66730.84
92199.97
72564.89
28865.65
54649.82
89469.53
40547.86
43265.05
30612.47
46825.98
3620.16
82947.80
64988.04
70290.23
37760.32
32176.72
75941.21
9938.75
64615.30
30509.82
92878.23
45883.76
25151.58
59805.91
85224.95
913.68
86607.09
97734.09
23724.42
15731.12
62431.39
36224.74
66441.56
47726.06
49901.60
88299.31
86662.30
79221.76
15101.72
31716.55
84874.82
46130.71
79952.58
62872.70
52020.21
22958.29
90980.22
59393.00
76200.34
25091.65
74509.93
74852.20
10030.04
14311.12
7973.65
14061.36
40821.53
18461.86
62018.12
62358.67
30788.19
1223.17
93101.32
67341.60
19455.52
42912.89
91264.67
96478.02
5466.50
18264.56
12768.54
19033.65
49969.09
82114.60
52278.52
85753.47
68773.17
98937.30
34290.01
4734.54
5464.61
77164.82
28478.52
36927.68
2663.75
94229.97
18663.32
59705.61
13616.01
23269.05
80071.84
71934.97
21302.00
97422.40
44592.35
38989.72
57254.65
72670.13
58702.43
1143.50
37270.90
75140.39
63760.72
93778.37
56205.34
43827.96
53349.44
52847.44
9033.54
4660.36
87355.22
4028.95
30372.21
36849.17
67475.66
59009.20
69644.09
17464.04
3839.25
67331.93
44074.69
55166.78
27425.96
97251.57
36708.70
49043.18
27976.26
44027.97
31633.40
33469.94
22075.73
89099.93
3596.49
94954.25
81103.18
58575.21
4206.15
71883.58
73729.32
54474.44
11900.43
73123.07
2653.88
57166.39
37873.83
76398.11
40268.45
22432.22
5148.31
92399.55
92932.58
21596.06
42976.38
5549.11
48550.70
98159.55
63763.68
27362.36
87137.31
39377.75
14698.68
23347.00
59057.91
86214.02
21276.78
99373.61
60633.31
30111.20
64906.55
58456.75
61794.60
70016.79
61785.47
63883.55
65476.52
28099.49
35232.64
69627.57
3436.47
47594.69
98666.17
3985.25
98186.98
21216.28
91412.39
17372.57
45728.78
23572.47
34534.81
30219.30
98772.28
46022.95
98869.94
41898.47
55134.80
57414.97
2457.76
86628.46
81001.01
39135.84
79554.12
47285.27
23734.27
67919.30
88412.77
63062.40
93926.16
44843.38
50024.34
91915.97
21371.82
93957.04
34999.90
13732.37
14658.59
78973.34
40786.53
85156.21
79055.40
11466.41
26402.45
82015.84
72390.47
49009.95
96879.12
90284.01
3604.74
6694.47
54597.93
31511.27
3668.69
30461.14
59708.91
33669.42
23549.78
5689.32
66818.96
83342.73
38918.33
99475.71
30137.10
20204.21
66279.07
60042.24
94264.25
59714.62
20216.06
21710.50
12815.11
54981.57
66438.29
88879.95
62059.47
33716.35
50313.63
97447.63
41770.63
71225.81
5578.58
77106.73
80468.28
85377.02
72911.25
62961.61
87243.48
64472.00
83055.09
29896.65
17353.17
63970.13
84181.05
48136.60
43771.60
32995.72
18175.33
83435.74
51886.47
56568.24
75540.55
90333.54
99526.94
24492.70
83597.65
71914.16
9511.26
62847.68
7676.05
4507.39
86901.42
89008.52
69979.66
50768.45
78152.31
76143.20
15816.08
9574.27
14342.89
38118.31
81876.68
76173.63
5677.00
70752.72
46254.86
11028.69
79441.04
10356.42
64890.18
40785.47
78606.30
95491.97
24125.71
39810.70
63263.32
42896.13
64066.20
65732.62
82075.67
73499.18
52424.51
47423.11
5940.92
49479.32
13543.81
48858.82
41046.01
8289.79
42283.11
57298.63
63504.70
4596.13
57453.51
69215.08
42764.59
96061.11
74492.79
72417.13
45971.09
33914.73
2065.72
47801.90
40476.00
44247.03
92277.70
39172.76
36678.06
10960.92
99189.17
64561.39
38383.09
96322.72
25318.28
67491.17
92871.07
60047.86
60819.37
31619.54
57857.88
62859.26
45024.71
7196.70
27538.96
65455.76
5037.04
22778.32
84902.55
58828.38
51060.35
80629.55
72499.94
86861.56
33156.52
59257.96
98860.30
47157.16
89115.15
71512.97
22737.48
81018.60
38124.25
51689.06
82376.37
88532.64
99929.14
70070.47
61986.29
29686.33
44167.19
98354.81
12608.92
97456.59
99565.81
74392.99
69568.24
73810.00
77691.23
39683.18
33690.00
4550.16
90935.58
48056.08
8478.27
53950.33
69429.69
68989.12
10436.45
25108.57
6569.24
33987.10
94720.38
56963.21
87841.68
99466.69
63310.90
33905.80
82641.37
24582.40
47893.53
68929.38
3760.60
87431.33
84632.63
46249.28
64243.79
88074.52
23027.59
34334.13
86292.56
11811.99
36038.57
5284.55
41909.00
51149.36
23669.27
21496.96
29964.80
9893.31
27194.21
75550.02
19383.60
37813.40
96218.07
94251.30
13124.15
69307.87
75754.54
42781.57
12651.74
64510.83
5512.21
89874.19
87585.45
76278.31
48574.99
19967.29
80208.57
91490.79
91664.57
3265.94
99529.99
20109.55
84172.37
59652.15
84583.65
30424.54
8148.61
77379.86
41653.96
53930.99
96435.80
72492.72
85114.40
8272.64
41134.35
99901.92
36566.89
11688.66
59587.66
52061.78
61969.54
87402.15
10074.27
6180.42
51440.06
81387.43
74394.51
5903.10
71422.55
41953.81
49539.24
88405.74
43904.97
34583.21
15628.03
92836.07
32375.04
90459.23
72304.49
11039.97
39201.75
12125.11
60775.99
66510.40
44130.27
84708.08
13685.55
32496.60
38577.61
66147.64
3.14
25210.81
35416.54
54865.26
57124.14
33070.25
58935.30
58312.91
27362.18
67911.71
44660.62
10838.11
41024.15
49116.32
3731.49
14302.78
13254.67
56581.92
31511.21
99893.59
46837.59
13480.68
65125.26
34561.11
58142.02
84739.30
19612.39
20525.48
68400.45
2179.39
57376.53
61285.89
27506.35
52255.50
70627.01
92571.53
62518.75
87328.33
81494.48
1671.43
68061.50
46410.59
89510.19
83580.68
80804.38
96322.95
21135.99
7400.60
5213.91
29197.79
61032.68
91430.25
82761.08
77267.92
69754.08
10386.95
21773.63
30878.15
17554.39
83193.10
30120.39
70656.82
88996.37
14766.97
17915.15
49785.20
38047.74
90254.86
62427.55
87301.84
98353.46
45142.20
52388.46
58379.71
78371.16
59681.05
53877.47
92513.45
96057.45
51071.47
64979.88
15554.30
32792.49
61834.34
51400.66
96530.12
11230.30
67813.08
80223.06
85188.17
26762.44
54241.72
93999.15
51197.96
87282.32
33316.97
92359.93
60951.79
40938.00
1711.62
13332.46
52900.45
96560.57
61466.91
31551.56
97361.56
66455.94
52701.22
15553.49
51738.11
86247.33
71572.73
11339.18
47084.55
91456.15
71933.51
44394.51
66958.18
55508.52
74112.44
57355.08
4493.10
18855.17
29264.57
25503.06
8634.33
63892.12
12724.45
