1000 1000
-8 5 0 9 -7 3 8 10 -4 -4 3 0 3 -2 4 1 1 -2 -4 4 8 8 -4 -7 -1 10 8 0 7 -6 3 -6 -9 -4 0 1 1 10 0 8 9 -2 4 4 -8 -6 10 1 9 4 3 5 8 3 8 -4 3 -6 5 1 -2 -1 -7 1 5 5 -6 -10 -5 -7 -3 -7 -7 -8 -2 -5 2 -3 -9 -8 10 -3 9 10 -4 0 5 2 5 -8 5 -9 6 2 -6 -9 -6 -5 -8 3 0 -8 0 0 -7 -10 6 1 5 1 -1 0 -1 -5 -7 -3 -5 0 -3 1 -2 -2 -6 1 -2 0 9 -7 -2 -3 -7 -9 10 -5 -7 -1 -9 -8 -1 8 -2 -7 7 -3 4 0 -4 -3 -4 -3 -1 7 -5 5 -3 4 -2 3 -6 9 -8 -9 4 -6 -10 -1 -7 6 10 3 10 2 -9 -8 -3 1 -5 10 10 9 -5 1 -10 -9 9 8 9 -3 1 -6 10 2 7 -9 3 4 -5 3 0 6 -7 5 -6 -7 9 -4 -5 4 0 4 -8 0 10 2 -10 6 -6 6 4 -7 1 -4 7 -10 -7 10 5 -5 0 -1 -9 7 -6 -2 -5 -9 6 -7 6 8 1 10 3 8 10 0 10 -2 -4 -2 6 -10 5 -7 2 1 4 -5 7 -8 -1 -7 6 2 2 -8 -5 7 3 0 1 -8 -9 -10 7 -9 1 3 -3 -6 4 -3 -4 7 -8 6 8 -6 -6 -9 -10 -2 -7 7 1 6 4 4 5 10 -10 8 -4 -5 6 4 -8 0 -10 4 4 -2 2 -3 -10 -5 -3 4 -5 8 -5 5 -7 3 -2 -8 -5 -6 -1 -10 -4 -2 0 3 -2 -4 -7 4 -7 4 8 -1 -6 -1 9 2 -2 -1 3 -6 7 -7 1 4 3 4 -8 7 5 -9 -1 7 -3 -8 -7 8 5 -9 -3 6 6 -5 9 3 -3 -2 8 2 -6 -6 10 -2 -4 3 3 9 -4 7 3 -7 10 8 8 9 0 9 9 -8 4 10 -8 -1 0 7 -1 5 10 -9 -1 -8 7 -5 -8 5 7 -10 7 7 9 6 -5 2 9 -1 8 -7 8 6 -10 -10 2 1 6 -10 -6 0 -1 -3 -5 -3 3 -1 -2 -8 3 6 0 0 -7 -4 10 10 8 8 10 5 4 8 -10 -1 -2 1 4 7 -9 1 -6 -3 3 -10 -4 2 -9 7 4 2 -5 9 -3 -7 4 0 -7 -10 10 -1 -9 9 10 0 -9 -2 3 0 -2 5 3 5 -6 -5 -4 8 -9 3 9 -3 -3 -7 8 9 7 -7 -5 -6 -8 -7 -7 8 0 -9 9 -7 9 -6 1 0 10 -5 -2 -4 1 -2 3 0 8 -7 8 1 8 6 6 -6 -1 -4 -6 -8 5 6 7 5 10 4 -6 -9 2 -6 1 8 -3 -2 3 5 9 2 1 -10 -3 -8 6 -4 -1 6 -9 -5 -7 7 -1 -6 9 -5 1 -1 1 -7 -1 -2 -9 9 6 3 8 9 7 -4 -4 -3 1 -6 -6 -8 -8 7 1 -8 -9 8 -7 0 8 10 5 -3 -4 0 4 -8 5 5 0 4 -3 -9 -6 3 9 -9 0 -6 -1 -7 -9 8 -3 1 -8 10 -7 -1 -1 -4 -5 10 9 -5 0 0 -6 1 -3 7 9 -2 -4 10 3 1 -9 -4 -9 -2 4 -2 1 3 9 -9 9 8 0 -4 4 3 -1 -1 -5 -10 1 -8 -3 -9 -6 7 1 5 -4 -6 -3 -2 -10 5 6 -1 6 4 -6 -1 -10 10 -7 5 7 -3 5 0 -5 -5 -5 2 5 5 3 -9 -6 -8 9 4 10 -8 -7 -1 9 1 7 10 5 9 2 3 8 9 5 6 1 0 -10 10 4 1 -1 -5 -4 9 9 0 -1 3 -3 -7 4 -4 -8 10 -8 8 -1 0 8 4 -10 -6 8 8 -3 -5 9 4 -2 6 8 1 0 -3 3 10 -3 7 -4 1 0 9 3 -10 -10 6 3 5 -8 -6 9 -6 -2 -5 4 4 -4 -8 6 -8 -6 10 -1 -3 -9 -5 9 2 2 10 4 2 -2 -6 -2 -2 -1 0 8 -7 1 0 -7 7 -6 -7 10 0 4 -6 1 -6 -4 -3 5 3 7 -5 -10 3 10 -8 1 0 9 8 0 2 2 7 -1 -9 -8 -5 8 4 5 7 -6 4 -4 8 -10 -1 6 5 -10 -10 2 0 4 -5 -2 -8 -1 -2 -3 5 -1 8 6 0 2 -5 -1 -9 9 3 -6 0 6 4 -3 5 3 -8 -2 -3 10 -6 -7 7 -5 8 -9 4 3 -9 -2 2 10 2 -3 9 -5 9 6 2 9 10 -7 -7 5 3 -2 4 3 10 -1 3 -4 7 -3 0 9 -7 5 1 -5 -2 3 8 -5 -6 -2 -9 -10 -1 -5 -2 9 -8 1 9 -10 6 -10 -1 -8 10 5 -2 -2 -7 8 -9 10 -9 -3 6 -8 4 3 3 4 8 10 6 3 -4 10 9 8 -7 8 -7 4 -6 9 -4 -3 1 1 -9 -9 10 -4 -2 3 -2 4 7
1 950 956 -5 -7
2 784
1 535 766 4 7
1 557 818 -8 -9
2 203
1 29 747 -6 4
2 258
1 622 709 7 -10
1 788 976 5 3
1 779 812 8 1
2 227
1 517 781 5 -7
1 361 514 7 -7
2 231
1 56 739 -2 4
1 302 399 10 1
1 809 839 -3 10
2 283
1 496 741 -4 -6
2 754
2 757
1 808 812 3 1
1 804 921 -5 -6
2 28
1 303 855 5 10
2 991
1 310 770 -3 -1
1 48 903 0 3
2 221
2 61
2 26
1 761 942 8 -5
1 132 166 4 -2
1 297 1000 9 2
1 575 831 -10 -10
1 584 665 6 4
1 475 738 10 9
2 647
2 191
1 378 380 2 2
2 292
1 542 619 0 10
1 931 958 -5 7
2 561
2 363
1 685 991 -8 10
2 880
1 932 939 10 8
2 753
2 316
2 315
2 831
1 490 549 7 1
2 658
2 900
2 62
1 359 513 -4 1
2 873
1 298 594 3 3
2 388
1 389 451 9 3
1 911 972 -9 -7
2 463
2 236
2 641
1 92 112 -1 5
2 941
1 868 984 -6 -6
2 316
2 512
2 191
2 305
1 659 846 -7 -7
2 46
1 408 813 10 -6
2 379
2 924
1 390 829 5 -2
1 270 711 -8 -2
1 186 490 1 -10
2 857
1 433 783 -2 -3
1 395 520 6 9
2 977
2 72
1 913 915 -9 1
2 632
1 537 715 -3 4
2 711
2 740
2 103
2 611
2 658
1 5 736 9 10
1 710 992 4 -10
1 235 422 -3 -4
1 77 797 -1 -5
2 470
2 102
2 749
1 751 928 -2 -6
1 464 655 -10 5
2 493
1 450 493 -5 -4
1 776 896 2 0
2 238
1 264 715 5 3
1 892 960 7 -3
2 326
1 487 702 7 3
2 19
2 354
2 23
1 974 979 0 -9
2 860
2 208
1 250 785 -10 8
2 473
1 251 341 6 -1
2 817
2 565
1 759 967 9 -2
2 766
1 446 775 10 8
2 159
1 248 864 -7 1
1 414 454 -2 5
2 808
2 236
1 727 825 -9 3
1 803 820 -1 -10
1 864 895 -7 7
2 261
1 500 986 -2 -6
2 73
1 404 483 1 -5
1 184 387 5 -6
1 849 890 -4 7
2 47
2 713
2 248
1 73 286 -8 -1
1 239 970 3 8
2 978
2 138
2 398
2 566
2 445
2 474
1 359 844 -4 -2
1 580 675 -10 -6
2 812
2 188
1 301 574 -5 -1
1 596 917 -5 3
2 6
1 839 970 6 1
1 978 990 6 -6
2 813
2 898
2 450
2 125
1 240 779 -9 9
1 98 379 -1 9
1 351 953 -8 -9
1 490 732 -4 -10
2 853
1 921 933 -5 10
1 460 927 -1 2
2 455
2 5
2 819
1 380 820 0 -5
1 910 941 7 -6
2 295
2 630
2 254
1 946 956 0 -2
1 858 987 -10 10
2 930
2 354
1 353 691 1 10
1 974 991 -6 -5
1 569 682 -2 -5
2 661
2 544
2 191
2 56
1 795 866 5 -4
1 287 911 5 -8
1 652 845 3 -7
2 667
2 859
1 404 773 -6 10
1 180 649 10 3
1 598 791 -1 -1
2 814
2 861
1 988 999 2 -9
2 592
1 459 904 -9 9
1 98 683 -2 5
1 566 986 4 -6
1 297 547 -5 3
2 61
1 366 792 -2 6
2 364
1 677 860 9 7
1 839 956 2 4
1 306 484 7 0
1 290 580 -4 -4
1 372 543 -2 3
1 742 980 6 9
1 992 1000 7 -3
1 873 985 5 4
2 247
1 768 931 6 -8
1 263 627 4 -5
2 857
2 95
1 574 712 -8 -5
1 584 688 7 9
2 958
1 884 937 7 2
2 723
2 489
1 66 349 -9 -2
2 95
2 268
2 200
2 135
1 161 431 3 -9
2 158
2 739
2 435
2 479
2 699
1 827 960 0 -10
2 264
1 358 480 -8 -1
1 71 181 7 5
1 730 898 -4 -5
1 292 991 -5 5
1 956 998 -1 -3
1 206 731 -7 -3
2 990
1 589 974 -2 8
1 644 692 9 3
2 208
2 796
2 769
1 187 330 -1 -3
2 291
2 126
2 707
2 242
1 626 821 2 0
2 889
2 783
2 112
2 724
2 898
1 869 947 -5 0
2 3
1 512 730 6 7
1 502 606 -6 -8
1 780 811 6 -10
1 716 770 -6 2
2 363
2 652
1 400 963 2 6
2 489
1 854 870 -9 -10
2 114
2 741
1 461 483 -7 -7
1 366 908 -5 10
1 452 752 6 -3
2 780
2 444
2 239
2 711
2 111
1 766 862 7 -2
2 473
1 242 568 2 -4
1 76 302 -4 -1
2 655
2 942
2 863
1 843 969 10 1
1 398 512 0 2
1 629 856 9 9
1 154 631 -2 -8
2 603
1 478 818 7 6
2 206
1 760 791 2 3
2 479
2 692
2 710
2 30
2 465
1 871 945 -3 8
2 571
1 88 760 2 -3
2 39
1 634 758 -10 -5
1 574 807 -1 4
2 866
2 228
2 342
1 707 862 -9 7
1 643 811 7 3
2 930
2 876
2 592
2 474
1 434 485 3 -1
2 603
2 996
1 872 891 5 -7
2 259
1 927 944 4 -8
2 201
2 697
2 57
2 725
1 931 949 6 -10
2 493
1 846 961 -4 2
2 342
2 827
1 417 672 -3 6
1 776 977 -1 -7
1 627 822 9 -8
2 143
2 542
1 138 727 3 -4
2 140
2 506
1 571 890 1 5
2 707
1 751 770 6 -4
1 90 617 1 7
2 16
1 68 906 10 -2
1 295 698 1 6
2 317
1 214 986 -7 -5
1 83 513 6 5
2 51
2 447
1 489 571 7 -9
2 68
2 807
2 47
1 508 882 4 3
1 437 702 -2 -3
2 340
2 786
1 22 313 3 -3
1 243 425 4 6
2 906
2 622
2 652
2 6
2 950
2 504
1 683 774 -6 1
1 709 794 -5 3
2 610
1 553 920 4 -5
1 804 807 -5 3
1 186 670 10 2
1 651 686 1 -10
2 422
1 702 982 -8 9
2 580
2 909
2 665
1 655 811 8 5
2 145
1 406 678 -7 -2
2 148
2 373
2 523
2 681
2 789
1 611 958 3 5
1 553 635 9 -7
1 800 844 -10 9
2 475
1 557 984 -9 3
2 912
1 173 568 -4 4
2 656
2 941
2 289
1 193 571 7 -6
1 658 900 -5 8
2 338
2 383
2 697
2 101
1 579 946 -2 -9
1 692 868 3 -1
2 324
2 397
1 125 461 -3 0
1 218 357 -4 1
2 652
1 532 868 -7 -1
2 371
1 334 438 3 -3
1 673 868 -10 4
2 121
1 957 974 -3 -6
2 549
2 897
2 27
1 440 945 4 -5
1 893 942 4 2
1 314 715 10 -9
2 446
1 958 992 9 9
2 582
2 180
1 590 627 1 -1
1 124 629 -10 4
1 345 433 -3 -8
1 833 993 -6 -2
1 164 195 8 3
2 808
1 863 982 10 5
1 717 805 0 9
2 977
2 643
1 56 672 3 1
2 279
1 987 987 -2 7
2 131
1 924 954 -5 -3
1 545 835 -2 -2
2 989
2 972
2 638
1 668 796 7 -10
1 127 251 3 4
1 841 856 -4 0
2 667
2 446
2 360
2 724
1 405 913 -7 1
2 663
1 969 998 -8 1
1 925 949 -8 -6
1 578 889 -2 4
1 550 886 6 9
1 872 919 -7 -8
2 764
2 56
1 886 996 6 5
1 334 647 -5 -9
1 131 575 -4 -1
2 515
1 23 955 -4 -1
1 129 223 -8 -9
2 670
2 832
1 841 935 8 3
2 110
2 377
1 605 906 -1 10
1 525 637 0 4
2 596
2 392
2 187
1 216 754 6 9
2 598
1 857 889 3 8
2 815
2 256
2 306
2 457
2 348
1 424 713 -7 5
2 73
2 109
2 263
1 276 818 7 0
2 500
2 444
2 273
2 26
1 649 925 -5 -5
1 377 813 2 -1
2 360
2 980
1 296 529 -1 -7
1 405 544 -3 5
1 159 892 -1 -9
2 437
2 876
1 804 880 -8 8
2 210
2 663
2 610
2 182
1 690 824 2 8
2 511
1 746 883 -1 -4
2 745
2 392
1 880 952 -2 8
2 844
2 368
1 374 477 2 5
1 125 793 -3 -8
2 600
2 818
2 953
2 839
2 671
2 131
1 352 390 -8 -3
2 71
1 655 909 2 1
2 419
2 340
2 765
1 955 972 2 4
1 269 382 -2 -6
1 537 645 -8 2
2 554
2 976
1 592 658 0 3
1 100 764 -8 -2
2 839
1 322 577 6 9
1 984 999 6 -1
2 331
2 930
2 72
1 603 679 -5 4
2 855
1 319 378 -7 3
2 786
2 123
1 567 783 9 -4
2 724
1 230 284 -10 7
1 633 953 -1 -10
1 688 706 2 -8
2 457
1 568 817 1 4
2 455
1 386 480 -3 -6
1 896 917 -3 1
2 208
1 509 977 5 1
1 358 884 -8 9
1 394 646 0 -2
1 301 310 1 -7
1 761 959 8 0
1 305 454 -6 2
2 416
1 264 301 -3 -8
1 407 966 -4 -9
1 211 256 5 -6
1 430 535 0 6
2 564
1 500 891 -2 0
2 927
2 953
2 164
1 472 523 6 -5
2 523
2 255
2 536
1 118 294 -6 1
1 215 785 -3 -6
2 74
2 907
2 123
2 779
1 609 808 -2 -5
1 879 917 3 8
2 962
2 162
2 350
1 259 351 7 6
2 270
1 457 540 10 -7
1 842 955 0 3
2 108
1 509 578 -7 1
1 569 669 3 -10
2 868
2 781
2 819
1 632 838 1 -8
2 954
2 844
1 649 955 -10 -2
2 287
2 327
2 684
1 466 891 10 -8
1 595 624 0 0
2 553
2 586
2 589
2 13
2 302
1 371 833 -6 7
1 252 852 1 -6
1 759 778 -1 -8
1 446 613 9 -2
2 128
2 826
1 121 608 -8 5
1 455 507 2 1
2 878
2 378
2 620
2 23
2 626
1 412 665 2 6
1 398 981 -10 1
1 511 675 10 -2
2 606
2 415
2 222
1 315 705 3 -5
1 285 565 2 4
2 491
1 847 996 -2 -8
1 290 977 -6 0
1 730 916 -6 -1
2 365
2 986
1 115 455 -7 -1
2 242
1 784 922 6 1
2 681
1 835 849 -2 -1
1 63 177 8 8
1 242 698 -8 -1
2 593
1 752 852 -7 1
2 54
2 933
1 482 646 2 8
2 191
2 310
2 661
1 591 926 3 -1
2 728
1 583 946 10 6
1 642 993 -7 1
1 302 989 -7 2
2 80
2 619
2 814
2 778
2 588
2 584
2 692
2 822
2 833
2 561
1 666 948 -4 2
2 771
1 343 589 -5 -8
2 550
1 777 962 -6 8
2 916
2 861
2 978
1 727 737 -3 -7
2 446
2 892
2 532
1 978 986 10 -10
2 1000
2 284
2 564
2 701
2 710
2 986
2 821
1 723 998 6 -7
2 836
1 541 892 9 3
1 438 494 -9 6
1 893 973 -1 -9
1 354 512 -9 -7
2 310
1 994 995 -9 -3
2 539
2 28
1 527 696 2 -1
2 959
2 188
1 537 759 -4 8
1 906 921 -6 5
1 840 877 7 -8
2 693
1 404 901 -9 -8
2 521
2 878
2 719
1 24 558 -10 -9
2 43
2 853
1 103 889 8 3
2 709
2 419
2 823
2 93
2 284
2 54
1 301 421 5 8
1 872 901 -9 -7
1 184 318 -7 -5
2 174
2 436
2 943
2 78
2 855
1 238 824 8 9
2 481
2 440
1 986 1000 5 -6
1 382 921 -2 5
2 166
2 242
2 927
1 297 880 -2 -6
2 336
1 442 896 -3 1
2 475
1 922 938 -10 4
2 484
1 468 859 -9 -7
1 779 844 0 -2
1 794 971 -6 6
2 909
2 298
2 14
2 921
1 435 856 2 -10
1 97 725 7 -3
1 998 1000 7 1
2 500
2 575
1 377 559 9 2
2 14
1 129 465 7 -7
1 542 840 9 -5
2 968
2 483
2 656
1 815 989 0 10
2 725
2 382
2 665
2 589
1 916 971 7 -5
2 676
1 858 879 -8 1
2 156
2 279
1 775 898 -3 8
2 957
2 441
2 998
2 893
1 585 690 1 5
1 169 261 -8 -2
1 765 931 0 2
2 23
1 776 979 -1 -2
1 122 548 0 7
2 395
2 144
2 225
1 569 590 2 2
1 706 789 8 -3
1 905 975 10 6
1 682 897 -5 4
2 445
2 543
2 667
2 353
2 724
2 98
1 763 859 6 -2
2 268
1 205 643 -1 5
2 885
1 971 989 0 5
2 600
2 487
1 788 800 10 0
1 666 859 -4 4
1 753 990 -2 10
2 823
1 650 676 4 6
1 460 971 -6 -10
2 208
2 902
2 618
2 395
1 147 275 -8 1
2 418
2 738
1 615 965 -5 4
2 994
2 521
2 94
1 751 945 5 5
1 812 826 5 -7
2 680
1 63 535 6 -2
1 474 613 9 -8
2 642
2 646
2 734
2 831
1 608 842 0 3
1 59 298 3 -10
2 189
2 190
2 3
2 310
2 271
1 193 322 0 -2
1 719 858 -4 3
1 826 934 3 -7
1 151 785 -6 -3
2 578
2 621
2 893
2 325
2 715
2 777
1 993 994 8 -7
2 208
1 503 626 6 -6
2 940
2 166
1 46 113 -8 10
2 229
2 716
1 609 855 0 -10
2 956
2 548
1 894 969 -1 0
1 724 868 5 10
2 710
2 124
1 613 718 0 7
1 931 934 -4 7
2 201
1 66 300 -5 -10
2 120
2 313
1 278 351 -10 -4
2 19
1 671 775 9 4
1 995 998 -8 -7
2 24
2 998
1 113 188 -10 0
2 708
1 38 335 4 8
2 69
2 894
1 499 762 5 -3
2 899
1 572 919 -8 8
1 585 757 9 7
1 737 825 8 6
2 350
2 505
2 973
1 596 650 3 -3
1 30 575 -2 -1
2 861
1 88 150 9 7
2 437
1 471 776 -8 2
2 737
1 285 953 -6 -4
1 446 607 -1 0
2 707
1 139 763 9 -9
1 49 62 10 2
2 437
2 63
2 471
2 871
2 501
2 174
2 23
2 108
2 96
2 209
1 60 559 9 -3
2 235
1 189 562 -6 10
1 521 620 -10 7
1 787 829 -2 -4
1 498 630 7 8
2 266
2 49
1 928 988 1 -6
2 272
1 793 916 -1 9
2 932
2 11
1 8 193 3 -1
2 534
2 9
1 946 975 -4 9
2 798
1 426 883 0 10
2 20
2 673
1 560 579 3 1
2 927
1 110 442 5 5
2 387
2 962
2 438
1 432 695 2 0
1 502 646 4 1
1 156 236 6 -5
1 762 984 10 -10
2 710
1 234 971 -5 -10
2 672
1 510 789 8 8
2 285
2 893
1 618 698 7 -9
2 734
1 159 160 10 -1
2 78
2 134
2 997
2 858
1 406 741 3 -3
1 633 685 -7 -1
2 425
2 316
2 849
2 961
2 143
1 290 508 -4 -3
1 66 159 -5 -3
1 445 775 2 10
2 67
2 735
2 960
1 955 987 6 -8
1 756 992 -6 7
1 710 902 0 -2
1 290 558 2 -10
1 472 474 -6 -10
1 229 457 10 8
2 883
1 685 813 -3 0
2 477
2 687
2 59
1 365 990 -1 4
2 248
2 959
2 122
2 947
2 418
2 910
1 943 974 8 -3
2 943
1 821 956 7 1
1 801 859 8 9
1 85 583 -4 -4
1 494 725 -6 -6
1 823 908 2 3
2 41
2 944
1 900 973 5 -2
1 879 908 -9 7
2 967
2 764
2 637
